1.99981338761
1.99981338761
1.99960360226
1.99960360226
1.99869610558
1.99869610558
1.99493637541
1.99493637541
1.97905068901
1.97905068901
1.90843742200
1.90843742200
1.52442161707
1.52442161707
0.152877811358
0.152877811359
3.429224187379E-03
3.429224187378E-03
1.299310965410E-04
1.299310965410E-04
5.616649848259E-06
5.616649848609E-06
2.590587700262E-07
2.590587701225E-07
1.201638785706E-08
1.201638772321E-08
4.920238633223E-10
4.920239204440E-10
4.009884406481E-11
4.009900722726E-11
1.373390907531E-12
1.373530325642E-12
-3.652202068179E-14
-3.662920566446E-14
2.259852426869E-14
2.257846387586E-14
-1.720802313372E-15
-1.570209290728E-15
1.283293265502E-16
1.052643894427E-16
-1.882014379802E-17
-2.650853934750E-17
1.99960360226
1.99960360226
1.99939817033
1.99939817033
1.99849617508
1.99849617508
1.99474652458
1.99474652458
1.97888452269
1.97888452269
1.90829676431
1.90829676431
1.52432520011
1.52432520011
0.152864009534
0.152864009534
3.427629695274E-03
3.427629695273E-03
1.296846309766E-04
1.296846309766E-04
5.587743398189E-06
5.587743397868E-06
2.479056344892E-07
2.479056348372E-07
1.026378014340E-08
1.026378010968E-08
7.969538032679E-10
7.969537344475E-10
1.812907265990E-11
1.812897750560E-11
4.279338616293E-13
4.278124511678E-13
3.847641634180E-13
3.849345596989E-13
-3.800245134540E-14
-3.776143825100E-14
4.416105861338E-15
4.109115202711E-15
-4.745471900866E-16
-3.732246745264E-16
-1.875376440224E-16
-2.602889370453E-16
1.99869610558
1.99869610558
1.99849617508
1.99849617508
1.99762437521
1.99762437521
1.99392012531
1.99392012531
1.97812440376
1.97812440376
1.90768161563
1.90768161563
1.52388769133
1.52388769133
0.152801228836
0.152801228836
3.420088220602E-03
3.420088220601E-03
1.286668251103E-04
1.286668251101E-04
5.310612727772E-06
5.310612728182E-06
2.084294716984E-07
2.084294715088E-07
1.416987005670E-08
1.416987015159E-08
5.379975427468E-10
5.379975465149E-10
8.134980226520E-12
8.134704856549E-12
4.781708738263E-12
4.781891218926E-12
-3.108307532774E-13
-3.106093520508E-13
4.324401973844E-14
4.308241992255E-14
-3.499557272349E-15
-3.490713130241E-15
4.152329760963E-16
2.639181814263E-16
1.973195480024E-16
2.930360194163E-17
1.99493637541
1.99493637541
1.99474652458
1.99474652458
1.99392012531
1.99392012531
1.99041731384
1.99041731384
1.97494694686
1.97494694686
1.90492894236
1.90492894236
1.52201211533
1.52201211533
0.152524297260
0.152524297260
3.387049350624E-03
3.387049350623E-03
1.215404219701E-04
1.215404219699E-04
4.352723298732E-06
4.352723298657E-06
2.557349343742E-07
2.557349346981E-07
1.254848908133E-08
1.254848913381E-08
1.535633832951E-10
1.535634472647E-10
7.067445354188E-11
7.067478331624E-11
-2.480121194772E-12
-2.480093113073E-12
3.689372038484E-13
3.685563469046E-13
-1.960287730090E-14
-1.966633892030E-14
2.099424789056E-15
2.214193252999E-15
-2.412615515053E-16
-7.731353427983E-17
8.234776310156E-17
4.654529854600E-20
1.97905068901
1.97905068901
1.97888452269
1.97888452269
1.97812440376
1.97812440376
1.97494694686
1.97494694686
1.96086240249
1.96086240249
1.89321272190
1.89321272190
1.51330390912
1.51330390912
0.151262446102
0.151262446102
3.188115040380E-03
3.188115040379E-03
9.637963765801E-05
9.637963765797E-05
4.653908152034E-06
4.653908152379E-06
2.663581931015E-07
2.663581927464E-07
4.092271214927E-09
4.092270959361E-09
9.813238423193E-10
9.813241843667E-10
-1.095683181124E-11
-1.095686007762E-11
3.500752792406E-12
3.500804074120E-12
-8.655717697140E-14
-8.641357073355E-14
1.209472852083E-14
1.192207717053E-14
-4.296366281439E-16
-5.284297115347E-16
1.905745253482E-16
1.892859864777E-16
4.778239024055E-17
1.158116374504E-16
1.90843742200
1.90843742200
1.90829676431
1.90829676431
1.90768161563
1.90768161563
1.90492894236
1.90492894236
1.89321272190
1.89321272190
1.83553806414
1.83553806414
1.47442581357
1.47442581357
0.144382720871
0.144382720871
2.455422487586E-03
2.455422487585E-03
8.474646185170E-05
8.474646185184E-05
5.259954966869E-06
5.259954966869E-06
1.083567323493E-07
1.083567324885E-07
1.306409933909E-08
1.306409938717E-08
1.571825690383E-10
1.571822284847E-10
3.389749532269E-11
3.389762281589E-11
2.194594903818E-13
2.195010627423E-13
9.308459213206E-14
9.319939059426E-14
-4.125591261118E-17
7.889598632740E-17
9.412951637365E-17
8.815951926129E-17
-2.383719771254E-16
-2.321203552953E-16
-9.290658266605E-17
-4.661170043790E-17
1.52442161707
1.52442161707
1.52432520011
1.52432520011
1.52388769133
1.52388769133
1.52201211533
1.52201211533
1.51330390912
1.51330390912
1.47442581357
1.47442581357
1.19787835617
1.19787835617
0.116051233052
0.116051233052
1.611621563287E-03
1.611621563286E-03
9.399521332116E-05
9.399521332154E-05
2.638697369319E-06
2.638697369100E-06
1.724492796300E-07
1.724492796664E-07
5.765543666518E-09
5.765543753335E-09
3.888279156025E-10
3.888280882655E-10
1.396167553199E-11
1.396149006390E-11
1.005352353542E-12
1.005349279008E-12
3.300934622936E-14
3.310187905697E-14
2.820215876358E-15
2.694913031804E-15
1.346687267987E-16
-1.341797606369E-16
2.053235310580E-16
1.939438639209E-16
1.891309336016E-16
2.087556188274E-16
0.152877811359
0.152877811358
0.152864009534
0.152864009534
0.152801228836
0.152801228836
0.152524297260
0.152524297260
0.151262446102
0.151262446102
0.144382720871
0.144382720871
0.116051233052
0.116051233052
1.843151124187E-02
1.843151124187E-02
1.895162770074E-03
1.895162770075E-03
2.270608909652E-05
2.270608909600E-05
3.030131290918E-06
3.030131291098E-06
6.932044134989E-08
6.932044172793E-08
6.824731097369E-09
6.824731101554E-09
2.027308572252E-10
2.027306792786E-10
1.759655963822E-11
1.759680067091E-11
5.567893678233E-13
5.567946221130E-13
5.101829600383E-14
5.089492497206E-14
1.212370393689E-15
1.350493198769E-15
3.060439734262E-16
3.783043205828E-16
-3.853191315015E-17
-1.383264622578E-17
1.267601473342E-16
2.140410752702E-17
3.429224187377E-03
3.429224187377E-03
3.427629695274E-03
3.427629695276E-03
3.420088220597E-03
3.420088220598E-03
3.387049350624E-03
3.387049350624E-03
3.188115040377E-03
3.188115040378E-03
2.455422487583E-03
2.455422487586E-03
1.611621563287E-03
1.611621563286E-03
1.895162770072E-03
1.895162770073E-03
5.931946829984E-04
5.931946829985E-04
5.824546028718E-05
5.824546028747E-05
-8.057851694109E-07
-8.057851698087E-07
1.962127639551E-07
1.962127635752E-07
-3.624783074899E-09
-3.624783123963E-09
5.853283757868E-10
5.853284875683E-10
-1.026043396346E-11
-1.026045633326E-11
1.710914958441E-12
1.711134777331E-12
-2.862979246686E-14
-2.844689137334E-14
5.436276792923E-15
5.291459001781E-15
-2.355376019761E-16
-2.111556821280E-16
-2.360160809179E-17
-4.692592149197E-17
-6.102896894219E-17
5.838336175658E-17
1.299310965408E-04
1.299310965410E-04
1.296846309768E-04
1.296846309766E-04
1.286668251102E-04
1.286668251101E-04
1.215404219693E-04
1.215404219696E-04
9.637963765789E-05
9.637963765761E-05
8.474646185191E-05
8.474646185193E-05
9.399521332033E-05
9.399521332101E-05
2.270608909645E-05
2.270608909611E-05
5.824546028748E-05
5.824546028737E-05
2.269336752362E-05
2.269336752349E-05
1.929359500124E-06
1.929359500421E-06
-1.043697217508E-07
-1.043697215136E-07
1.481280760854E-08
1.481280753219E-08
-8.075351906055E-10
-8.075351812820E-10
6.821094019917E-11
6.821118018531E-11
-3.510842755702E-12
-3.510826739920E-12
2.607694158190E-13
2.606157403963E-13
-1.319910932728E-14
-1.293905895728E-14
8.753968901513E-16
8.985999846635E-16
2.208978946811E-17
-3.215342029527E-16
6.388527900585E-18
-8.753494054383E-17
5.616649848388E-06
5.616649848159E-06
5.587743398096E-06
5.587743398282E-06
5.310612727988E-06
5.310612728048E-06
4.352723298595E-06
4.352723298499E-06
4.653908152438E-06
4.653908152431E-06
5.259954967014E-06
5.259954966987E-06
2.638697369465E-06
2.638697369291E-06
3.030131290780E-06
3.030131291123E-06
-8.057851696682E-07
-8.057851698895E-07
1.929359500330E-06
1.929359500576E-06
9.593004143693E-07
9.593004148363E-07
6.348240541181E-08
6.348240492266E-08
-7.634911740582E-09
-7.634911618565E-09
1.140431458951E-09
1.140431453735E-09
-9.336364821136E-11
-9.336373723672E-11
7.944680780654E-12
7.944771328507E-12
-5.534526853626E-13
-5.532770183125E-13
4.012577140769E-14
3.993441111042E-14
-2.192327434462E-15
-2.362428877276E-15
2.648927216872E-17
2.752318985063E-16
-7.892754628610E-17
-1.415355784575E-16
2.590587700908E-07
2.590587700804E-07
2.479056343865E-07
2.479056345018E-07
2.084294717072E-07
2.084294717900E-07
2.557349345070E-07
2.557349343046E-07
2.663581926232E-07
2.663581929291E-07
1.083567326175E-07
1.083567324541E-07
1.724492791292E-07
1.724492792800E-07
6.932044155076E-08
6.932044139731E-08
1.962127636863E-07
1.962127636284E-07
-1.043697212420E-07
-1.043697213360E-07
6.348240547426E-08
6.348240497117E-08
4.377736362258E-08
4.377736393415E-08
1.842626452660E-09
1.842626394478E-09
-4.865136094483E-10
-4.865134290749E-10
8.591766926688E-11
8.591779674975E-11
-9.029589636517E-12
-9.029855152164E-12
8.565330820817E-13
8.561413636738E-13
-7.038235872455E-14
-7.028528796172E-14
5.367602277103E-15
5.562795860921E-15
-4.807268561300E-16
-2.371007921913E-16
-9.605070052838E-17
-1.263926434236E-16
1.201638780199E-08
1.201638802983E-08
1.026378034175E-08
1.026378021104E-08
1.416986991016E-08
1.416986979716E-08
1.254848947726E-08
1.254848952751E-08
4.092270879377E-09
4.092270967494E-09
1.306409932113E-08
1.306409903018E-08
5.765543552418E-09
5.765543546894E-09
6.824731047493E-09
6.824730923424E-09
-3.624782916212E-09
-3.624782724509E-09
1.481280771556E-08
1.481280760806E-08
-7.634912195935E-09
-7.634912130822E-09
1.842626499416E-09
1.842626598477E-09
2.146681143077E-09
2.146681224447E-09
2.882324654760E-11
2.882319885528E-11
-2.931959830297E-11
-2.931976278678E-11
6.314213328969E-12
6.314248970243E-12
-8.024260596226E-13
-8.022668153513E-13
8.576189626280E-14
8.578059514783E-14
-7.709148274794E-15
-7.889416878140E-15
8.249710684004E-16
5.344296330501E-16
-1.063833128824E-16
1.220136641438E-16
4.920240384661E-10
4.920238634875E-10
7.969538866009E-10
7.969536963551E-10
5.379975898657E-10
5.379976772795E-10
1.535631104949E-10
1.535633361125E-10
9.813239807137E-10
9.813238413227E-10
1.571821391170E-10
1.571821702685E-10
3.888282706675E-10
3.888283029366E-10
2.027305502566E-10
2.027307080088E-10
5.853282484967E-10
5.853282897016E-10
-8.075355114690E-10
-8.075355611340E-10
1.140432128782E-09
1.140432096478E-09
-4.865133177129E-10
-4.865138930414E-10
2.882305411428E-11
2.882326289743E-11
1.130122568107E-10
1.130122711684E-10
-2.035402408050E-12
-2.035364536998E-12
-1.712225666576E-12
-1.712226492388E-12
4.551529569198E-13
4.552140758512E-13
-6.749563521348E-14
-6.754512548100E-14
7.674888293813E-15
7.613144979907E-15
-1.084329412500E-15
-8.172203579976E-16
2.341046137696E-16
4.298871598056E-17
4.009891619412E-11
4.009886116197E-11
1.812895033402E-11
1.812916448004E-11
8.134972895227E-12
8.134853585775E-12
7.067443612178E-11
7.067442060523E-11
-1.095677313933E-11
-1.095680277788E-11
3.389743860410E-11
3.389754390907E-11
1.396156593361E-11
1.396167612046E-11
1.759642419663E-11
1.759653522238E-11
-1.026035024604E-11
-1.026033941378E-11
6.821122160879E-11
6.821122729533E-11
-9.336369714524E-11
-9.336390289769E-11
8.591757762406E-11
8.591798319121E-11
-2.931959650081E-11
-2.931967884647E-11
-2.035588018770E-12
-2.035441667366E-12
6.365746675355E-12
6.365804144596E-12
-3.158405897736E-13
-3.163122840223E-13
-9.738766919971E-14
-9.715622037382E-14
3.190444762781E-14
3.220039120123E-14
-5.369553587807E-15
-5.697243871334E-15
1.087620965196E-15
7.956403221380E-16
-1.236749784615E-16
5.129953776426E-17
1.373768374669E-12
1.373708166905E-12
4.274534435705E-13
4.276631981316E-13
4.781934255574E-12
4.781762400195E-12
-2.480140936951E-12
-2.480032553220E-12
3.501010282901E-12
3.501117947028E-12
2.195841978341E-13
2.196081405080E-13
1.004861658831E-12
1.004773743693E-12
5.571965505184E-13
5.571707560132E-13
1.711286805635E-12
1.711248055229E-12
-3.510871305254E-12
-3.510618368439E-12
7.944492788279E-12
7.944251928028E-12
-9.029351325774E-12
-9.029215253399E-12
6.314117213681E-12
6.314030750093E-12
-1.711890813756E-12
-1.712285843725E-12
-3.162739803977E-13
-3.158874978903E-13
3.804022073287E-13
3.809576907616E-13
-2.994579903201E-14
-3.050050163224E-14
-4.864153611056E-15
-5.390842165219E-15
2.265980841297E-15
2.429811072710E-15
-4.894956596747E-16
-3.454596094862E-16
3.369708281543E-17
-1.897020935871E-16
-3.656064276428E-14
-3.665496421246E-14
3.849801097782E-13
3.847673557621E-13
-3.108767653153E-13
-3.106563141419E-13
3.690889736728E-13
3.688715521620E-13
-8.647919310629E-14
-8.630997837429E-14
9.319251040723E-14
9.300760370096E-14
3.346791203453E-14
3.340708879712E-14
5.137133763177E-14
5.103270799155E-14
-2.888682147520E-14
-2.875157752714E-14
2.607898409030E-13
2.606360023119E-13
-5.529694295531E-13
-5.526245724676E-13
8.561204572739E-13
8.558340759887E-13
-8.021917682015E-13
-8.019913785043E-13
4.547764387167E-13
4.551994216770E-13
-9.730775951535E-14
-9.762179652952E-14
-2.981303968847E-14
-3.001627936401E-14
2.358840166008E-14
2.389044253042E-14
-2.554040444254E-15
-2.670481290664E-15
3.821928326187E-17
2.399232439799E-17
-9.023193526928E-17
1.699118495807E-16
-6.793036897486E-17
-3.003599365498E-16
2.258585431768E-14
2.255491513927E-14
-3.782569537537E-14
-3.792373203670E-14
4.334299135583E-14
4.314571669513E-14
-1.956729768248E-14
-1.947094324335E-14
1.192259623551E-14
1.215026670881E-14
1.950895858123E-16
3.765059097881E-17
3.333199551699E-15
3.418579735501E-15
1.152896174482E-15
1.244240596483E-15
4.938272539489E-15
4.929013670532E-15
-1.315404933865E-14
-1.319464868495E-14
4.015213509418E-14
4.027810487743E-14
-7.055529141887E-14
-7.057068047345E-14
8.584944235804E-14
8.580764591539E-14
-6.784513319332E-14
-6.794878510004E-14
3.237106105692E-14
3.231310552016E-14
-5.450658978055E-15
-5.550966988897E-15
-2.496568315313E-15
-2.357276947152E-15
1.601108127886E-15
1.838769319096E-15
-3.288404980295E-16
-2.372311003053E-16
3.014623161533E-16
-2.439542071010E-16
1.899262675450E-16
3.813768714535E-16
-1.649731844688E-15
-1.632796021916E-15
4.207833067350E-15
4.414653554741E-15
-3.475562019293E-15
-3.548445550292E-15
2.121210840716E-15
2.259287521253E-15
-3.452187675144E-16
-3.242603468851E-16
1.439582594276E-16
1.836491124214E-16
3.076232872483E-16
1.671934298336E-16
5.794549142273E-17
3.052646970348E-16
-4.319429555713E-16
-3.669301168503E-16
8.813705279328E-16
8.976879684286E-16
-2.642221711643E-15
-2.962950225735E-15
5.679183566291E-15
5.916265165797E-15
-7.994512574413E-15
-8.043435874516E-15
8.298574097802E-15
7.923769221141E-15
-5.785854090260E-15
-5.327218682270E-15
2.229827156287E-15
2.299598775003E-15
-1.255525749629E-16
-3.017240879072E-16
-1.569737119704E-16
-1.817790890135E-16
5.294213324558E-17
-6.855843457070E-17
-9.101618734449E-17
1.789378627104E-16
-6.476167071289E-17
-1.573379599873E-16
6.055428247979E-17
6.887320401034E-17
-2.684163670336E-16
-2.107623473363E-16
1.525996070166E-16
2.082726556308E-16
-1.602099409336E-16
-2.352779741069E-16
9.497383778369E-17
3.478091342859E-17
-3.758561846509E-17
5.356632182865E-17
-1.712278029104E-16
3.420290132943E-17
-9.143597214681E-18
1.193154390477E-16
-1.877848239662E-16
-4.105295100538E-17
3.891573693996E-17
-2.793763019620E-16
-3.235077874670E-17
7.984832909289E-18
-4.259058132044E-16
-4.248546623144E-16
6.364695202306E-16
7.348705184970E-16
-1.161384770013E-15
-6.870325437341E-16
1.167200889419E-15
6.924502023663E-16
-2.323211616706E-16
-4.185085419142E-16
-1.119908474502E-16
2.972384316528E-16
-1.852479219471E-16
-2.217014235914E-16
7.519994308367E-17
1.509106223589E-16
-2.982348019954E-17
1.192195970690E-20
-1.165529831698E-16
-1.701287197721E-16
-7.250305517713E-17
1.484149210526E-16
4.447436711431E-17
-1.391674682521E-16
7.164817641737E-17
6.472919880083E-17
-1.189191410172E-16
2.596891464421E-17
-7.159141604882E-17
-1.271325279966E-16
1.137779321758E-16
3.355460022839E-16
-2.082590318162E-16
-1.872168441568E-16
1.341981786454E-16
7.645679527889E-17
3.723571802930E-16
8.043371216229E-17
1.399507398761E-16
3.554671878969E-16
3.166090829760E-17
-7.372478799910E-17
-1.985740513796E-16
-8.473346893408E-17
-1.326874019086E-16
-1.572851102797E-16
4.341763283503E-16
1.271112498757E-16
-3.154885001505E-16
3.061359130986E-17
-4.872784422985E-17
3.892503869034E-17
5.885603241523E-17
-2.116438848750E-16
1.262027600129E-16
-1.113758807527E-17
6.729601648196E-18
1.828719776165E-16
-1.135558460745E-16
-1.984219776927E-16
2.199712794356E-16
2.416563499555E-16
