1.16210237408
1.16210237408
0.631530286157
0.631530286162
0.350646336306
0.350646336283
0.234094176041
0.234094176027
0.160587457028
0.160587457058
0.112642451542
0.112642451559
8.022707438708E-02
8.022707440605E-02
5.764500824203E-02
5.764500819653E-02
4.172300343832E-02
4.172300343385E-02
3.036028671688E-02
3.036028673451E-02
2.219133139424E-02
2.219133143057E-02
1.628014336818E-02
1.628014329932E-02
1.198110186606E-02
1.198110189262E-02
8.841056200801E-03
8.841056157880E-03
6.539255610332E-03
6.539255720927E-03
4.846673551866E-03
4.846673425678E-03
3.598713164666E-03
3.598713383622E-03
2.676407649326E-03
2.676407300165E-03
1.993359641875E-03
1.993359963836E-03
1.486570277884E-03
1.486569967785E-03
1.109935606326E-03
1.109935822778E-03
8.296152122185E-04
8.296153048765E-04
6.207003082715E-04
6.207000471041E-04
4.648123221196E-04
4.648125253776E-04
3.483641790988E-04
3.483641584485E-04
2.612892634280E-04
2.612890763634E-04
1.961175634119E-04
1.961177603815E-04
1.472983582558E-04
1.472984178551E-04
1.106995335223E-04
1.106993111834E-04
8.324156539244E-05
8.324163781343E-05
6.262775170157E-05
6.262790264257E-05
4.714244671567E-05
4.714234712879E-05
3.550249888647E-05
3.550242511856E-05
2.674811305894E-05
2.674819382364E-05
2.016068845178E-05
2.016073655412E-05
1.520129238265E-05
1.520120455202E-05
1.146556085824E-05
1.146552375574E-05
8.650231106440E-06
8.650352220504E-06
6.527617591250E-06
6.527671176538E-06
4.926371883672E-06
4.926266275038E-06
3.717487475776E-06
3.717424268492E-06
2.803994716450E-06
2.804044167140E-06
2.112961283351E-06
2.113044665036E-06
1.589290741636E-06
1.589309522493E-06
1.191175549441E-06
1.191081754619E-06
8.868890649169E-07
8.868348885799E-07
6.523706879718E-07
6.524430186380E-07
4.690802493466E-07
4.691418643785E-07
3.216383207932E-07
3.216071525748E-07
1.919218347715E-07
1.918581023202E-07
0.631530286162
0.631530286157
0.469062819123
0.469062819123
0.316875632377
0.316875632413
0.216111743593
0.216111743592
0.152274664982
0.152274664916
0.107639870514
0.107639870549
7.702741616916E-02
7.702741617613E-02
5.561103668603E-02
5.561103670828E-02
4.038666071169E-02
4.038666064561E-02
2.948403256736E-02
2.948403261736E-02
2.160715758609E-02
2.160715754435E-02
1.588802066970E-02
1.588802074588E-02
1.171518508603E-02
1.171518498390E-02
8.659362130248E-03
8.659362353134E-03
6.414183694589E-03
6.414183320783E-03
4.760029673518E-03
4.760030112037E-03
3.538343075443E-03
3.538342442258E-03
2.634125795395E-03
2.634126747041E-03
1.963610329258E-03
1.963609257830E-03
1.465548647377E-03
1.465549622911E-03
1.095026265839E-03
1.095025723646E-03
8.190034899388E-04
8.190032497155E-04
6.131224993852E-04
6.131233004008E-04
4.593870030403E-04
4.593862726792E-04
3.444681999250E-04
3.444683220679E-04
2.584844489386E-04
2.584850443217E-04
1.940949808652E-04
1.940943840702E-04
1.458358104322E-04
1.458356782155E-04
1.096393918298E-04
1.096399528108E-04
8.247269807592E-05
8.247253651807E-05
6.206902655016E-05
6.206868280607E-05
4.673509380299E-05
4.673534959138E-05
3.520542148862E-05
3.520558340837E-05
2.653152594117E-05
2.653126544868E-05
2.000219535684E-05
2.000212352897E-05
1.508493846313E-05
1.508518395766E-05
1.138037180906E-05
1.138044083754E-05
8.587993314620E-06
8.587788759310E-06
6.481849736507E-06
6.481738241837E-06
4.892454266213E-06
4.892605495938E-06
3.692487383062E-06
3.692657312484E-06
2.785817989735E-06
2.785734433001E-06
2.099713518144E-06
2.099528895736E-06
1.579397525447E-06
1.579419261231E-06
1.183735558221E-06
1.183898353587E-06
8.815204955284E-07
8.815691778303E-07
6.486865024373E-07
6.485625450655E-07
4.665043617810E-07
4.663917162130E-07
3.197323489314E-07
3.197962041465E-07
1.906766091374E-07
1.908358312821E-07
0.350646336283
0.350646336306
0.316875632413
0.316875632377
0.248915804492
0.248915804492
0.182463754136
0.182463754162
0.133890174902
0.133890174944
9.765115855474E-02
9.765115847721E-02
7.086981721436E-02
7.086981719955E-02
5.171063758012E-02
5.171063756160E-02
3.785740433579E-02
3.785740444444E-02
2.781031074283E-02
2.781031065065E-02
2.049164927329E-02
2.049164934798E-02
1.513516052785E-02
1.513516043885E-02
1.120345071630E-02
1.120345093007E-02
8.308577453991E-03
8.308577029179E-03
6.172152595756E-03
6.172153184979E-03
4.591981887006E-03
4.591981086584E-03
3.421025554080E-03
3.421026666569E-03
2.551818507460E-03
2.551817017302E-03
1.905604034739E-03
1.905605784474E-03
1.424506930251E-03
1.424505410401E-03
1.065877526163E-03
1.065878201394E-03
7.982328661912E-04
7.982333231296E-04
5.982781302761E-04
5.982769084921E-04
4.487448357803E-04
4.487458970183E-04
3.368210379812E-04
3.368209662195E-04
2.529765274218E-04
2.529757359313E-04
1.901168173873E-04
1.901175230953E-04
1.429580803778E-04
1.429581882686E-04
1.075543547605E-04
1.075537541147E-04
8.095773198318E-05
8.095795689659E-05
6.096672168843E-05
6.096706125455E-05
4.593274782553E-05
4.593244377132E-05
3.461992869803E-05
3.461978271879E-05
2.610320000252E-05
2.610347680421E-05
1.968900750646E-05
1.968906027249E-05
1.485589341217E-05
1.485571447183E-05
1.121225605161E-05
1.121222372170E-05
8.464300065652E-06
8.464389368039E-06
6.391016610766E-06
6.391047707246E-06
4.825873470851E-06
4.825823285980E-06
3.643509830758E-06
3.643475676391E-06
2.749572288424E-06
2.749610427504E-06
2.072931758243E-06
2.072978624414E-06
1.559829880090E-06
1.559818835598E-06
1.169524360260E-06
1.169476301170E-06
8.710923012760E-07
8.710716616195E-07
6.409943690789E-07
6.410269893587E-07
4.610338450817E-07
4.610609837537E-07
3.161542501245E-07
3.161425404900E-07
1.886511346644E-07
1.886245591685E-07
0.234094176027
0.234094176041
0.216111743592
0.216111743593
0.182463754163
0.182463754136
0.143230423907
0.143230423907
0.109809314263
0.109809314261
8.342652828888E-02
8.342652831051E-02
6.235926604352E-02
6.235926598533E-02
4.629617262382E-02
4.629617271486E-02
3.435870281621E-02
3.435870275475E-02
2.549292380399E-02
2.549292385047E-02
1.893613856457E-02
1.893613842504E-02
1.408139958378E-02
1.408139982141E-02
1.048280481671E-02
1.048280448478E-02
7.812550250804E-03
7.812550758939E-03
5.828405564067E-03
5.828404791780E-03
4.352462232002E-03
4.352463409580E-03
3.253262213852E-03
3.253260559023E-03
2.433775067075E-03
2.433777115417E-03
1.822202278196E-03
1.822200124975E-03
1.365352500678E-03
1.365354122648E-03
1.023779914817E-03
1.023779400822E-03
7.681783454207E-04
7.681776990030E-04
5.767567229205E-04
5.767579952635E-04
4.332965071052E-04
4.332956033014E-04
3.257021806494E-04
3.257020951592E-04
2.449549265682E-04
2.449556259968E-04
1.843197441137E-04
1.843192564060E-04
1.387588212149E-04
1.387587421687E-04
1.045063632196E-04
1.045067505000E-04
7.874300330859E-05
7.874274239075E-05
5.935432699641E-05
5.935420953979E-05
4.475636405983E-05
4.475662668162E-05
3.376114215917E-05
3.376109830953E-05
2.547559979500E-05
2.547549074258E-05
1.922927432127E-05
1.922936336565E-05
1.451880243823E-05
1.451879595886E-05
1.096505877329E-05
1.096495367422E-05
8.282689165802E-06
8.282752169296E-06
6.257393637065E-06
6.257527345005E-06
4.727632836821E-06
4.727553940435E-06
3.571242326235E-06
3.571081991810E-06
2.696257565048E-06
2.696318291615E-06
2.033602915356E-06
2.033756694206E-06
1.530950211186E-06
1.530926199859E-06
1.148389826803E-06
1.148255347016E-06
8.556281127599E-07
8.555883015389E-07
6.297383147867E-07
6.298503588294E-07
4.530484087676E-07
4.531526571368E-07
3.108182460467E-07
3.107641920561E-07
1.855514165895E-07
1.854096365017E-07
0.160587457057
0.160587457028
0.152274664916
0.152274664982
0.133890174943
0.133890174902
0.109809314261
0.109809314262
8.690551936250E-02
8.690551936351E-02
6.803605700125E-02
6.803605697632E-02
5.254756834321E-02
5.254756840632E-02
3.997664330865E-02
3.997664327837E-02
3.019772306768E-02
3.019772313406E-02
2.272616784359E-02
2.272616770668E-02
1.706405655572E-02
1.706405668907E-02
1.280354724378E-02
1.280354697616E-02
9.603335257848E-03
9.603335720620E-03
7.203078835618E-03
7.203078189806E-03
5.403748293317E-03
5.403749360166E-03
4.055013708138E-03
4.055012103480E-03
3.043993121702E-03
3.043995194744E-03
2.285932886568E-03
2.285930453019E-03
1.717362368553E-03
1.717364701170E-03
1.290757456023E-03
1.290755983042E-03
9.705345146871E-04
9.705347754917E-04
7.300626235137E-04
7.300633632217E-04
5.494017901570E-04
5.494006955697E-04
4.136122908542E-04
4.136129271817E-04
3.115074060659E-04
3.115074753697E-04
2.346974892246E-04
2.346970743513E-04
1.768910367499E-04
1.768913704357E-04
1.333700622790E-04
1.333699740949E-04
1.005906715373E-04
1.005905431050E-04
7.589215395410E-05
7.589242763124E-05
5.727635112434E-05
5.727620085644E-05
4.323968035542E-05
4.323950636063E-05
3.265194000754E-05
3.265222452812E-05
2.466376809584E-05
2.466376927818E-05
1.863470131008E-05
1.863438715194E-05
1.408229088255E-05
1.408240367453E-05
1.064423187635E-05
1.064451192383E-05
8.047199697461E-06
8.047041408369E-06
6.084260890129E-06
6.084047022270E-06
4.599775787580E-06
4.599936660198E-06
3.476907146017E-06
3.477084983999E-06
2.627036504083E-06
2.626928151913E-06
1.982751254393E-06
1.982567714776E-06
1.493293752174E-06
1.493307963888E-06
1.120524889921E-06
1.120706464514E-06
8.353607503587E-07
8.354359081229E-07
6.153050950068E-07
6.151814558483E-07
4.428579592215E-07
4.427540908673E-07
3.037347475790E-07
3.037822053334E-07
1.812250057460E-07
1.813379870541E-07
0.112642451560
0.112642451542
0.107639870549
0.107639870514
9.765115847792E-02
9.765115855406E-02
8.342652830960E-02
8.342652828979E-02
6.803605697750E-02
6.803605700008E-02
5.434376649103E-02
5.434376649242E-02
4.294795610601E-02
4.294795607443E-02
3.348017654818E-02
3.348017655170E-02
2.579260985786E-02
2.579260978089E-02
1.973022022294E-02
1.973022039672E-02
1.501531718082E-02
1.501531700363E-02
1.138884089740E-02
1.138884119750E-02
8.621083348339E-03
8.621082763549E-03
6.516888586893E-03
6.516889464266E-03
4.922093544574E-03
4.922092158332E-03
3.715499694712E-03
3.715501688420E-03
2.803737106185E-03
2.803734699486E-03
2.115326898675E-03
2.115329480951E-03
1.595828151997E-03
1.595825958270E-03
1.203920349801E-03
1.203921537425E-03
9.083213784632E-04
9.083213293436E-04
6.853785251314E-04
6.853778142669E-04
5.172293588538E-04
5.172301582474E-04
3.904003441928E-04
3.903999280666E-04
2.947245104695E-04
2.947245669540E-04
2.225396073247E-04
2.225396390807E-04
1.680687334558E-04
1.680685044303E-04
1.269563729339E-04
1.269567571741E-04
9.592119387686E-05
9.592112456062E-05
7.248787666076E-05
7.248756488067E-05
5.479000934685E-05
5.479032136454E-05
4.142180719853E-05
4.142189048891E-05
3.132176693891E-05
3.132138056398E-05
2.368844543262E-05
2.368852383406E-05
1.791861755773E-05
1.791896512944E-05
1.355685801158E-05
1.355669752927E-05
1.025816429530E-05
1.025789568965E-05
7.762567297452E-06
7.762710982724E-06
5.874479778031E-06
5.874657900337E-06
4.445553991099E-06
4.445465807187E-06
3.363248353025E-06
3.363152208980E-06
2.542905674649E-06
2.542969992403E-06
1.920636364951E-06
1.920673040877E-06
1.447712984529E-06
1.447650393919E-06
1.087103145107E-06
1.087114713376E-06
8.108388262289E-07
8.109061797553E-07
5.974894656149E-07
5.974626930047E-07
4.302468420442E-07
4.301930259825E-07
2.952412331593E-07
2.952494159876E-07
1.762316745468E-07
1.762616640556E-07
8.022707440589E-02
8.022707438722E-02
7.702741617660E-02
7.702741616871E-02
7.086981719878E-02
7.086981721515E-02
6.235926598639E-02
6.235926604244E-02
5.254756840501E-02
5.254756834450E-02
4.294795607593E-02
4.294795610453E-02
3.454155293124E-02
3.454155293292E-02
2.744438343010E-02
2.744438335678E-02
2.153946413950E-02
2.153946419493E-02
1.674528471225E-02
1.674528465177E-02
1.292852791876E-02
1.292852818007E-02
9.927060481330E-03
9.927060023713E-03
7.592907047761E-03
7.592907695789E-03
5.791504872881E-03
5.791503798050E-03
4.408342552261E-03
4.408344184726E-03
3.350524834355E-03
3.350522613382E-03
2.543671928376E-03
2.543674563364E-03
1.929510904169E-03
1.929508432385E-03
1.462719367853E-03
1.462721095067E-03
1.108342606773E-03
1.108341933450E-03
8.395368959066E-04
8.395367180978E-04
6.357705004903E-04
6.357709127500E-04
4.813825272047E-04
4.813822253928E-04
3.644468987156E-04
3.644471320286E-04
2.759019193410E-04
2.759016801407E-04
2.088654586549E-04
2.088655958992E-04
1.581189543276E-04
1.581191476486E-04
1.197067763762E-04
1.197063762050E-04
9.063060640178E-05
9.063069599780E-05
6.862170546519E-05
6.862200474379E-05
5.196219656581E-05
5.196191698369E-05
3.935030817828E-05
3.935024514371E-05
2.980211122152E-05
2.980241382999E-05
2.257334007224E-05
2.257323554746E-05
1.709949376255E-05
1.709930203839E-05
1.295381120843E-05
1.295395529874E-05
9.814086190219E-06
9.814151688091E-06
7.435758705363E-06
7.435629230170E-06
5.633448004805E-06
5.633462684215E-06
4.267445686776E-06
4.267541529246E-06
3.231870420158E-06
3.231781342657E-06
2.446006492547E-06
2.445941263512E-06
1.848931543809E-06
1.849095036436E-06
1.394794595946E-06
1.394874027163E-06
1.048396892115E-06
1.048217255285E-06
7.825715208007E-07
7.824377031644E-07
5.768055385514E-07
5.769291445693E-07
4.154757982033E-07
4.156521635368E-07
2.853916042184E-07
2.853366551895E-07
1.705399324603E-07
1.703398512333E-07
5.764500819671E-02
5.764500824185E-02
5.561103670776E-02
5.561103668654E-02
5.171063756241E-02
5.171063757931E-02
4.629617271372E-02
4.629617262494E-02
3.997664327979E-02
3.997664330724E-02
3.348017655010E-02
3.348017654981E-02
2.744438335860E-02
2.744438342828E-02
2.217098995253E-02
2.217098995445E-02
1.768844522321E-02
1.768844515972E-02
1.396116753316E-02
1.396116763222E-02
1.092858264162E-02
1.092858236934E-02
8.497880573394E-03
8.497881010436E-03
6.572103197675E-03
6.572102458674E-03
5.061856473052E-03
5.061857773637E-03
3.886171808865E-03
3.886169984570E-03
2.976092869907E-03
2.976095159995E-03
2.274721639414E-03
2.274719144329E-03
1.735954273471E-03
1.735956259674E-03
1.323178274151E-03
1.323177146920E-03
1.007563552252E-03
1.007563954261E-03
7.666298839795E-04
7.666299544694E-04
5.829420096674E-04
5.829418996816E-04
4.430416845264E-04
4.430416908871E-04
3.365798409630E-04
3.365795874654E-04
2.556172012832E-04
2.556176211892E-04
1.940805441112E-04
1.940804921214E-04
1.473285077657E-04
1.473282486380E-04
1.118208273558E-04
1.118210500815E-04
8.486133610699E-05
8.486126917667E-05
6.439607471218E-05
6.439589602881E-05
4.886300082044E-05
4.886320034072E-05
3.707553174915E-05
3.707556716354E-05
2.813100701935E-05
2.813089576708E-05
2.134389202679E-05
2.134398080318E-05
1.619439719236E-05
1.619437367515E-05
1.228728093450E-05
1.228712059550E-05
9.322389295224E-06
9.322520283169E-06
7.072709437963E-06
7.072881716398E-06
5.365680339779E-06
5.365469177177E-06
4.069673924129E-06
4.069520968675E-06
3.085313511461E-06
3.085541936619E-06
2.337665796413E-06
2.337803634767E-06
1.769241363456E-06
1.769053953226E-06
1.335951094204E-06
1.335822334158E-06
1.004711350564E-06
1.004846771069E-06
7.505499697173E-07
7.506690387611E-07
5.539205798178E-07
5.538148002058E-07
3.993390195326E-07
3.992178833741E-07
2.741941004134E-07
2.742573836270E-07
1.637164628952E-07
1.638621512619E-07
4.172300343366E-02
4.172300343851E-02
4.038666064615E-02
4.038666071114E-02
3.785740444359E-02
3.785740433665E-02
3.435870275594E-02
3.435870281505E-02
3.019772313259E-02
3.019772306913E-02
2.579260978256E-02
2.579260985617E-02
2.153946419306E-02
2.153946414135E-02
1.768844516168E-02
1.768844522129E-02
1.433082551541E-02
1.433082551736E-02
1.147493067147E-02
1.147493054272E-02
9.100618016110E-03
9.100618221834E-03
7.162752946687E-03
7.162752523074E-03
5.601682494386E-03
5.601683374177E-03
4.357924377457E-03
4.357922990472E-03
3.376080311681E-03
3.376082207003E-03
2.606496880988E-03
2.606494714105E-03
2.006767024783E-03
2.006768989713E-03
1.541559416398E-03
1.541558013142E-03
1.182008338351E-03
1.182009088891E-03
9.049457261033E-04
9.049453516908E-04
6.919553103555E-04
6.919555382571E-04
5.285422834952E-04
5.285421951173E-04
4.033690122187E-04
4.033688913669E-04
3.076150668902E-04
3.076154725672E-04
2.344486642237E-04
2.344483075872E-04
1.785925597200E-04
1.785925150740E-04
1.359849603247E-04
1.359851387644E-04
1.035050498323E-04
1.035049564419E-04
7.875865691855E-05
7.875876944818E-05
5.991348918420E-05
5.991346603884E-05
4.556780621590E-05
4.556764898902E-05
3.465055112164E-05
3.465068381140E-05
2.634502724398E-05
2.634504361032E-05
2.002780384605E-05
2.002762667003E-05
1.522337203602E-05
1.522350260479E-05
1.157031072539E-05
1.157047297431E-05
8.793175677497E-06
8.792970369395E-06
6.681559313760E-06
6.681448373102E-06
5.075898496141E-06
5.076123145761E-06
3.855287513511E-06
3.855381649455E-06
2.927085587669E-06
2.926886108233E-06
2.220484801586E-06
2.220372344114E-06
1.682144501707E-06
1.682262272031E-06
1.271594498425E-06
1.271682436670E-06
9.575401103942E-07
9.575001867216E-07
7.159711761597E-07
7.159512107820E-07
5.286718950301E-07
5.286873734276E-07
3.813951322289E-07
3.813656206542E-07
2.621276901556E-07
2.621119080184E-07
1.566234299977E-07
1.566626622526E-07
3.036028673469E-02
3.036028671671E-02
2.948403261683E-02
2.948403256788E-02
2.781031065154E-02
2.781031074193E-02
2.549292384927E-02
2.549292380522E-02
2.272616770815E-02
2.272616784212E-02
1.973022039504E-02
1.973022022460E-02
1.674528465361E-02
1.674528471041E-02
1.396116763030E-02
1.396116753510E-02
1.147493054467E-02
1.147493066954E-02
9.315791177396E-03
9.315791179177E-03
7.482977665273E-03
7.482977529101E-03
5.958734137102E-03
5.958734607379E-03
4.710991040079E-03
4.710990141928E-03
3.701935370013E-03
3.701936605124E-03
2.894298204738E-03
2.894296562717E-03
2.253333272139E-03
2.253335039987E-03
1.748140619563E-03
1.748139210556E-03
1.352235269097E-03
1.352236235497E-03
1.043429502195E-03
1.043428911998E-03
8.034854355599E-04
8.034857348029E-04
6.176448250270E-04
6.176445654886E-04
4.740886272886E-04
4.740887914053E-04
3.634429274534E-04
3.634431397885E-04
2.783227730656E-04
2.783224709931E-04
2.129423694136E-04
2.129424362349E-04
1.627921974271E-04
1.627922055475E-04
1.243684192008E-04
1.243684232386E-04
9.495802935636E-05
9.495805768813E-05
7.246587605929E-05
7.246579238714E-05
5.527679816010E-05
5.527690543345E-05
4.214895092437E-05
4.214900999645E-05
3.212835292752E-05
3.212815110834E-05
2.448269102172E-05
2.448267969033E-05
1.865159853136E-05
1.865178600599E-05
1.420627456769E-05
1.420620887326E-05
1.081802858620E-05
1.081791055031E-05
8.235960209146E-06
8.236082325964E-06
6.268932306605E-06
6.268988637736E-06
4.770531456419E-06
4.770414204282E-06
3.628825380553E-06
3.628821352915E-06
2.758899608015E-06
2.758979844169E-06
2.095916238732E-06
2.095855759465E-06
1.590004679558E-06
1.589950892037E-06
1.203293916448E-06
1.203400792434E-06
9.070857497941E-07
9.071113421817E-07
6.790576293338E-07
6.789341945903E-07
5.018359924725E-07
5.018504942275E-07
3.621985111415E-07
3.623176774124E-07
2.491613939647E-07
2.491365398770E-07
1.490527969899E-07
1.489229311711E-07
2.219133143042E-02
2.219133139441E-02
2.160715754490E-02
2.160715758556E-02
2.049164934710E-02
2.049164927415E-02
1.893613842619E-02
1.893613856343E-02
1.706405668763E-02
1.706405655715E-02
1.501531700528E-02
1.501531717917E-02
1.292852817833E-02
1.292852792052E-02
1.092858237118E-02
1.092858263982E-02
9.100618220051E-03
9.100618017868E-03
7.482977530680E-03
7.482977663660E-03
6.084811331098E-03
6.084811332485E-03
4.900861464971E-03
4.900861197317E-03
3.915820823497E-03
3.915821486773E-03
3.107588297436E-03
3.107587251623E-03
2.451924215270E-03
2.451925443724E-03
1.925121099116E-03
1.925119879749E-03
1.505198626319E-03
1.505199525078E-03
1.172693683977E-03
1.172693119426E-03
9.108788035250E-04
9.108793017911E-04
7.056915365808E-04
7.056911424503E-04
5.455169065412E-04
5.455171472945E-04
4.208982050009E-04
4.208981709722E-04
3.242162040043E-04
3.242160292719E-04
2.493885918436E-04
2.493886611128E-04
1.915952148204E-04
1.915952956526E-04
1.470372579065E-04
1.470373243858E-04
1.127364244179E-04
1.127363025933E-04
8.636640699609E-05
8.636634863282E-05
6.611683386757E-05
6.611694644463E-05
5.058311297122E-05
5.058308676638E-05
3.867724484963E-05
3.867718262387E-05
2.955890441689E-05
2.955901457376E-05
2.258047036821E-05
2.258045940002E-05
1.724274590585E-05
1.724264496056E-05
1.316190281388E-05
1.316193394114E-05
1.004359956687E-05
1.004363401832E-05
7.661698536672E-06
7.661675139181E-06
5.842682648310E-06
5.842717628701E-06
4.453970534146E-06
4.453974777684E-06
3.393903427797E-06
3.393776511532E-06
2.584402066135E-06
2.584422329473E-06
1.966106501093E-06
1.966307455321E-06
1.493770831867E-06
1.493754227076E-06
1.132233313890E-06
1.132020378190E-06
8.544293119676E-07
8.544114703161E-07
6.401065712231E-07
6.402861226118E-07
4.736792847898E-07
4.737135648898E-07
3.423916473500E-07
3.422360230373E-07
2.355268385697E-07
2.355255621637E-07
1.407621561388E-07
1.409107650416E-07
1.628014329949E-02
1.628014336800E-02
1.588802074535E-02
1.588802067022E-02
1.513516043968E-02
1.513516052703E-02
1.408139982031E-02
1.408139958486E-02
1.280354697753E-02
1.280354724245E-02
1.138884119599E-02
1.138884089891E-02
9.927060025310E-03
9.927060479740E-03
8.497881008783E-03
8.497880574970E-03
7.162752524572E-03
7.162752945212E-03
5.958734606053E-03
5.958734138416E-03
4.900861198399E-03
4.900861463902E-03
3.990609303126E-03
3.990609303850E-03
3.221429500086E-03
3.221429204885E-03
2.581278186134E-03
2.581278891828E-03
2.055122754537E-03
2.055121902642E-03
1.627200679292E-03
1.627201339702E-03
1.282269553961E-03
1.282269043922E-03
1.006311298636E-03
1.006311789651E-03
7.869435017979E-04
7.869430288879E-04
6.135083622688E-04
6.135087918181E-04
4.770251380735E-04
4.770249180078E-04
3.700470259460E-04
3.700469431172E-04
2.864816255752E-04
2.864817230683E-04
2.213968804774E-04
2.213968851585E-04
1.708343816733E-04
1.708344493613E-04
1.316405331077E-04
1.316403984531E-04
1.013172185546E-04
1.013172586270E-04
7.789637421491E-05
7.789647314704E-05
5.983351617357E-05
5.983342504041E-05
4.592069064782E-05
4.592070440009E-05
3.521678696464E-05
3.521681090140E-05
2.699001698779E-05
2.698995516967E-05
2.067260398456E-05
2.067264889710E-05
1.582537658474E-05
1.582541880047E-05
1.210880684188E-05
1.210874042252E-05
9.260754568634E-06
9.260791633919E-06
7.079538679678E-06
7.079574077581E-06
5.409810527555E-06
5.409679086050E-06
4.131838897958E-06
4.131847966112E-06
3.153992254239E-06
3.154151681865E-06
2.406060499928E-06
2.406027990836E-06
1.833668144710E-06
1.833512758452E-06
1.395050879712E-06
1.395105843698E-06
1.058675032108E-06
1.058864918657E-06
8.002613814456E-07
8.002048557393E-07
6.005443583266E-07
6.003303247015E-07
4.446568810418E-07
4.446789447529E-07
3.214504864394E-07
3.216253925262E-07
2.214805190545E-07
2.214558968523E-07
1.326445007836E-07
1.325169835126E-07
1.198110189242E-02
1.198110186621E-02
1.171518498437E-02
1.171518508559E-02
1.120345092936E-02
1.120345071704E-02
1.048280448584E-02
1.048280481568E-02
9.603335719414E-03
9.603335259032E-03
8.621082764848E-03
8.621083347077E-03
7.592907694378E-03
7.592907049097E-03
6.572102460033E-03
6.572103196353E-03
5.601683373008E-03
5.601682495552E-03
4.710990142935E-03
4.710991039162E-03
3.915821486061E-03
3.915820824121E-03
3.221429205306E-03
3.221429499687E-03
2.626213899306E-03
2.626213899576E-03
2.124077037026E-03
2.124076785286E-03
1.706108619949E-03
1.706109001044E-03
1.362127431171E-03
1.362127102726E-03
1.081780775592E-03
1.081781223085E-03
8.551916440701E-04
8.551911077020E-04
6.733488435579E-04
6.733492130731E-04
5.283100955922E-04
5.283098851209E-04
4.132360571008E-04
4.132360681761E-04
3.223531271447E-04
3.223531859287E-04
2.508601331473E-04
2.508602384860E-04
1.948139148917E-04
1.948138873152E-04
1.510089868840E-04
1.510088183895E-04
1.168614239325E-04
1.168614931114E-04
9.030376792463E-05
9.030383029407E-05
6.969091036975E-05
6.969089859034E-05
5.372075876083E-05
5.372075094736E-05
4.136732566313E-05
4.136728080754E-05
3.182489702536E-05
3.182492412718E-05
2.446312818078E-05
2.446314265031E-05
1.879009060074E-05
1.879006128941E-05
1.442264685866E-05
1.442269722263E-05
1.106338159140E-05
1.106340292811E-05
8.481656285917E-06
8.481573169225E-06
6.498695068313E-06
6.498674781648E-06
4.976548495010E-06
4.976626684301E-06
3.808883715472E-06
3.808888632375E-06
2.913344149539E-06
2.913252711638E-06
2.226413151537E-06
2.226432129624E-06
1.699574047212E-06
1.699671529958E-06
1.295422804005E-06
1.295365199862E-06
9.847549797564E-07
9.846608409078E-07
7.451811500214E-07
7.452732819158E-07
5.597731650837E-07
5.598929927067E-07
4.152222864609E-07
4.151286105239E-07
3.006653759349E-07
3.005164668941E-07
2.070927406836E-07
2.071435891674E-07
1.238934026211E-07
1.240552603589E-07
8.841056158062E-03
8.841056200651E-03
8.659362352730E-03
8.659362130649E-03
8.308577029799E-03
8.308577453376E-03
7.812550758038E-03
7.812550251622E-03
7.203078190805E-03
7.203078834659E-03
6.516889463190E-03
6.516888587948E-03
5.791503799178E-03
5.791504871830E-03
5.061857772651E-03
5.061856473960E-03
4.357922991290E-03
4.357924376721E-03
3.701936604475E-03
3.701935370565E-03
3.107587252039E-03
3.107588297071E-03
2.581278891599E-03
2.581278186367E-03
2.124076785476E-03
2.124077036862E-03
1.733406969274E-03
1.733406969386E-03
1.404269722352E-03
1.404269622806E-03
1.130292749084E-03
1.130293015851E-03
9.045890594001E-04
9.045887330936E-04
7.203190653033E-04
7.203193090290E-04
5.710435676768E-04
5.710433655586E-04
4.509293002994E-04
4.509293718596E-04
3.548466125964E-04
3.548466301522E-04
2.783800513638E-04
2.783801486461E-04
2.177970890954E-04
2.177969884138E-04
1.699864480605E-04
1.699864221645E-04
1.323853962010E-04
1.323854267470E-04
1.029037421123E-04
1.029037898064E-04
7.985016690500E-05
7.985015224273E-05
6.186595390476E-05
6.186584971070E-05
4.786591999466E-05
4.786591769537E-05
3.698791953556E-05
3.698799857342E-05
2.855003918852E-05
2.855006771600E-05
2.201468444231E-05
2.201465134945E-05
1.695964054987E-05
1.695963508968E-05
1.305437518809E-05
1.305434739617E-05
1.004055926402E-05
1.004055652570E-05
7.716942727550E-06
7.717017626134E-06
5.927128166425E-06
5.927117211434E-06
4.549430770346E-06
4.549343044403E-06
3.489458328362E-06
3.489495447004E-06
2.674441374112E-06
2.674534559787E-06
2.048055687160E-06
2.047993821261E-06
1.566462439249E-06
1.566363205088E-06
1.195892835730E-06
1.195928515458E-06
9.105114727553E-07
9.105698193340E-07
6.902246419121E-07
6.902123519115E-07
5.192733427405E-07
5.192690867889E-07
3.854864877426E-07
3.855278058149E-07
2.793658290174E-07
2.793898148115E-07
1.927621215972E-07
1.927070385766E-07
1.155120792042E-07
1.154216167335E-07
6.539255720827E-03
6.539255610437E-03
6.414183321116E-03
6.414183694272E-03
6.172153184438E-03
6.172152596239E-03
5.828404792439E-03
5.828405563456E-03
5.403749359393E-03
5.403748294029E-03
4.922092159143E-03
4.922093543852E-03
4.408344183995E-03
4.408342552896E-03
3.886169985209E-03
3.886171808354E-03
3.376082206516E-03
3.376080312035E-03
2.894296563039E-03
2.894298204503E-03
2.451925443506E-03
2.451924215427E-03
2.055121902793E-03
2.055122754436E-03
1.706109000929E-03
1.706108620019E-03
1.404269622905E-03
1.404269722263E-03
1.147026816393E-03
1.147026816507E-03
9.305466900089E-04
9.305465439913E-04
7.503526700207E-04
7.503527719276E-04
6.017892041531E-04
6.017891170176E-04
4.803220740773E-04
4.803222258812E-04
3.817320488561E-04
3.817319780235E-04
3.022208588383E-04
3.022209843677E-04
2.384566292410E-04
2.384564548904E-04
1.875732038979E-04
1.875731516301E-04
1.471459354070E-04
1.471460658489E-04
1.151504208732E-04
1.151504264125E-04
8.991474270945E-05
8.991471219077E-05
7.007131581285E-05
7.007126347125E-05
5.451021759408E-05
5.451024940603E-05
4.233696644185E-05
4.233703834492E-05
3.283470617237E-05
3.283467574135E-05
2.543171106632E-05
2.543166372460E-05
1.967427412687E-05
1.967425788699E-05
1.520366190686E-05
1.520367523599E-05
1.173718726968E-05
1.173722196324E-05
9.052827832418E-06
9.052833718488E-06
6.976461687405E-06
6.976407294154E-06
5.371897445313E-06
5.371908154234E-06
4.133116846741E-06
4.133197080779E-06
3.177569655826E-06
3.177538100407E-06
2.440831667182E-06
2.440761519222E-06
1.872925741240E-06
1.872931911829E-06
1.435261699732E-06
1.435306861700E-06
1.097865532436E-06
1.097892996423E-06
8.374054073250E-07
8.373741045004E-07
6.358087633913E-07
6.357651973036E-07
4.790314636110E-07
4.790199956130E-07
3.560822616425E-07
3.561170686244E-07
2.583150256161E-07
2.583826432114E-07
1.783783583459E-07
1.783721637081E-07
1.069763364206E-07
1.068698958180E-07
4.846673425723E-03
4.846673551815E-03
4.760030111809E-03
4.760029673718E-03
4.591981087001E-03
4.591981886649E-03
4.352463409151E-03
4.352462232414E-03
4.055012103981E-03
4.055013707739E-03
3.715501687920E-03
3.715499695036E-03
3.350522613747E-03
3.350524834120E-03
2.976095159680E-03
2.976092870087E-03
2.606494714356E-03
2.606496880881E-03
2.253335039898E-03
2.253333272151E-03
1.925119879850E-03
1.925121099126E-03
1.627201339556E-03
1.627200679328E-03
1.362127102780E-03
1.362127431075E-03
1.130293015749E-03
1.130292749193E-03
9.305465440867E-04
9.305466899843E-04
7.606878727900E-04
7.606878727033E-04
6.178872277404E-04
6.178871643810E-04
4.990313564883E-04
4.990314869428E-04
4.009749176349E-04
4.009748006670E-04
3.207046595869E-04
3.207047259144E-04
2.554444916239E-04
2.554444382547E-04
2.027090318437E-04
2.027090597229E-04
1.603238039241E-04
1.603238420131E-04
1.264201126614E-04
1.264200653455E-04
9.941599436188E-05
9.941594266797E-05
7.798890646756E-05
7.798890240776E-05
6.104471519680E-05
6.104482563521E-05
4.768635866404E-05
4.768640211003E-05
3.718363798084E-05
3.718353485777E-05
2.894621665892E-05
2.894614538229E-05
2.249976491893E-05
2.249979019194E-05
1.746499315498E-05
1.746510032091E-05
1.353993424119E-05
1.353994708148E-05
1.048494825725E-05
1.048482226779E-05
8.110521284606E-06
8.110513411236E-06
6.267535948829E-06
6.267624777795E-06
4.838876133463E-06
4.838896160239E-06
3.732529477262E-06
3.732498926472E-06
2.876469291222E-06
2.876414004855E-06
2.214544469118E-06
2.214540367716E-06
1.703003764496E-06
1.703055411881E-06
1.307774927375E-06
1.307819073536E-06
1.002336267002E-06
1.002328493215E-06
7.659661859902E-07
7.658926993385E-07
5.825123210440E-07
5.825077898148E-07
4.395268824363E-07
4.395836298082E-07
3.272580332769E-07
3.272113672249E-07
2.377404621546E-07
2.376773989965E-07
1.641971677273E-07
1.642674887978E-07
9.841402476143E-08
9.853423153660E-08
3.598713383567E-03
3.598713164707E-03
3.538342442390E-03
3.538343075344E-03
3.421026666365E-03
3.421025554201E-03
3.253260559251E-03
3.253262213740E-03
3.043995194532E-03
3.043993121780E-03
2.803734699688E-03
2.803737106133E-03
2.543674563238E-03
2.543671928356E-03
2.274719144396E-03
2.274721639498E-03
2.006768989637E-03
2.006767024697E-03
1.748139210561E-03
1.748140619618E-03
1.505199524995E-03
1.505198626343E-03
1.282269044042E-03
1.282269553876E-03
1.081781223075E-03
1.081780775631E-03
9.045887331590E-04
9.045890594049E-04
7.503527718978E-04
7.503526700037E-04
6.178871643105E-04
6.178872277346E-04
5.054558657863E-04
5.054558658528E-04
4.110184813902E-04
4.110184254543E-04
3.324237842722E-04
3.324237829871E-04
2.675478235096E-04
2.675478227638E-04
2.143842287294E-04
2.143842489834E-04
1.711000926003E-04
1.711001213348E-04
1.360625985541E-04
1.360625791938E-04
1.078466632436E-04
1.078465784501E-04
8.522892665917E-05
8.522902030762E-05
6.717376496218E-05
6.717380672092E-05
5.281438154730E-05
5.281432409617E-05
4.143235015318E-05
4.143229248669E-05
3.243748643898E-05
3.243745857986E-05
2.534851309267E-05
2.534858780436E-05
1.977544628397E-05
1.977550790520E-05
1.540391454339E-05
1.540388536208E-05
1.198170201960E-05
1.198164273294E-05
9.307542278704E-06
9.307550239171E-06
7.221502560842E-06
7.221560117186E-06
5.596731042230E-06
5.596703149990E-06
4.332873171543E-06
4.332800392768E-06
3.350901776374E-06
3.350917970280E-06
2.588774253378E-06
2.588851496950E-06
1.997840668201E-06
1.997906271867E-06
1.539964882083E-06
1.539927650357E-06
1.185199698666E-06
1.185084240020E-06
9.101497666010E-07
9.101439134182E-07
6.967447192436E-07
6.968339435490E-07
5.308889136348E-07
5.309084811450E-07
4.013270908723E-07
4.012561830848E-07
2.991651280858E-07
2.991379701055E-07
2.175115092909E-07
2.175768844291E-07
1.504776261235E-07
1.504940790259E-07
9.035361113152E-08
9.031409287161E-08
2.676407300208E-03
2.676407649316E-03
2.634126747006E-03
2.634125795375E-03
2.551817017301E-03
2.551818507545E-03
2.433777115363E-03
2.433775066962E-03
2.285930453027E-03
2.285932886710E-03
2.115329481003E-03
2.115326898496E-03
1.929508432382E-03
1.929510904341E-03
1.735956259693E-03
1.735954273322E-03
1.541558013097E-03
1.541559416501E-03
1.352236235444E-03
1.352235269092E-03
1.172693119502E-03
1.172693683923E-03
1.006311789660E-03
1.006311298644E-03
8.551911077279E-04
8.551916441037E-04
7.203193089953E-04
7.203190652771E-04
6.017891169854E-04
6.017892041377E-04
4.990314869279E-04
4.990313565575E-04
4.110184255272E-04
4.110184813260E-04
3.364400776328E-04
3.364400776088E-04
2.738474651470E-04
2.738475012543E-04
2.217609925543E-04
2.217609950701E-04
1.787469068495E-04
1.787468102871E-04
1.434667944056E-04
1.434668449108E-04
1.147070164081E-04
1.147070346989E-04
9.139123872424E-05
9.139126830097E-05
7.258238796650E-05
7.258242760918E-05
5.747682353582E-05
5.747674103360E-05
4.539405397689E-05
4.539399154870E-05
3.576430451321E-05
3.576436436917E-05
2.811488894504E-05
2.811495717529E-05
2.205671273160E-05
2.205667707713E-05
1.727168518758E-05
1.727161639406E-05
1.350148805777E-05
1.350150242123E-05
1.053761485514E-05
1.053767926037E-05
8.212449090673E-06
8.212477802830E-06
6.391710662205E-06
6.391661523710E-06
4.968309910123E-06
4.968248550888E-06
3.857214322223E-06
3.857221540956E-06
2.991133265207E-06
2.991196052256E-06
2.316904862096E-06
2.316921533820E-06
1.792513649273E-06
1.792454345071E-06
1.384870408638E-06
1.384858845530E-06
1.068132111263E-06
1.068174422854E-06
8.220684521335E-07
8.220642504229E-07
6.306698981080E-07
6.306337288149E-07
4.813560793084E-07
4.813784609014E-07
3.643979178838E-07
3.644592174654E-07
2.721193247220E-07
2.721187384288E-07
1.982049597230E-07
1.981442328898E-07
1.372074910610E-07
1.371915845748E-07
8.237908567131E-08
8.239132208388E-08
1.993359963854E-03
1.993359641820E-03
1.963609257786E-03
1.963610329393E-03
1.905605784578E-03
1.905604034570E-03
1.822200124902E-03
1.822202278392E-03
1.717364701265E-03
1.717362368302E-03
1.595825958107E-03
1.595828152262E-03
1.462721095104E-03
1.462719367664E-03
1.323177146899E-03
1.323178274242E-03
1.182009088970E-03
1.182008338330E-03
1.043428912081E-03
1.043429502191E-03
9.108793017897E-04
9.108788034533E-04
7.869430288001E-04
7.869435018909E-04
6.733492130077E-04
6.733488435567E-04
5.710433655785E-04
5.710435676503E-04
4.803222259416E-04
4.803220740664E-04
4.009748007222E-04
4.009749176751E-04
3.324237829750E-04
3.324237841959E-04
2.738475011795E-04
2.738474651968E-04
2.242847011951E-04
2.242847012178E-04
1.827171288793E-04
1.827170875758E-04
1.481306004003E-04
1.481306496539E-04
1.195576279608E-04
1.195576578449E-04
9.610408362389E-05
9.610406121706E-05
7.696424190290E-05
7.696421400194E-05
6.142648534298E-05
6.142643728023E-05
4.887270611183E-05
4.887273908506E-05
3.877350722648E-05
3.877356030685E-05
3.068068831614E-05
3.068071780626E-05
2.421863094032E-05
2.421862047633E-05
1.907532894736E-05
1.907525986431E-05
1.499368377410E-05
1.499368090308E-05
1.176330952094E-05
1.176332269895E-05
9.212937037540E-06
9.212917810502E-06
7.203893182025E-06
7.203905723281E-06
5.624510358389E-06
5.624525206265E-06
4.385241868321E-06
4.385294053218E-06
3.414539255882E-06
3.414560353498E-06
2.655336380382E-06
2.655252556422E-06
2.062258189940E-06
2.062207419928E-06
1.599477885606E-06
1.599500454624E-06
1.238750311534E-06
1.238800198946E-06
9.577090344182E-07
9.577271776932E-07
7.386827555598E-07
7.386672024945E-07
5.678298102942E-07
5.678359245721E-07
4.342789905523E-07
4.342612908705E-07
3.293790236768E-07
3.293552349499E-07
2.462821058365E-07
2.463209628375E-07
1.795662252650E-07
1.795975358994E-07
1.244931642172E-07
1.244574245776E-07
7.485285508564E-08
7.478840765383E-08
1.486569967730E-03
1.486570277933E-03
1.465549622979E-03
1.465548647245E-03
1.424505410299E-03
1.424506930459E-03
1.365354122775E-03
1.365352500443E-03
1.290755982922E-03
1.290757456212E-03
1.203921537516E-03
1.203920349677E-03
1.108341933424E-03
1.108342606831E-03
1.007563954316E-03
1.007563552202E-03
9.049453516513E-04
9.049457261843E-04
8.034857347811E-04
8.034854354759E-04
7.056911424011E-04
7.056915366268E-04
6.135087918482E-04
6.135083622591E-04
5.283098851682E-04
5.283100956058E-04
4.509293718745E-04
4.509293002664E-04
3.817319779872E-04
3.817320488787E-04
3.207047258687E-04
3.207046595876E-04
2.675478227637E-04
2.675478234998E-04
2.217609951202E-04
2.217609925720E-04
1.827170876182E-04
1.827171288362E-04
1.497236931775E-04
1.497236932269E-04
1.220706203383E-04
1.220706267862E-04
9.906450264135E-05
9.906442219228E-05
8.005235696680E-05
8.005236187732E-05
6.443609397537E-05
6.443616986227E-05
5.167983596059E-05
5.167982051894E-05
4.131191922059E-05
4.131192166512E-05
3.292354616377E-05
3.292352364841E-05
2.616490914062E-05
2.616487305512E-05
2.073999742093E-05
2.074004882210E-05
1.640074413882E-05
1.640077644386E-05
1.294087446973E-05
1.294086339083E-05
1.019013018240E-05
1.019007982542E-05
8.008941015751E-06
8.008901527927E-06
6.283585988957E-06
6.283619070649E-06
4.921884041098E-06
4.921894809279E-06
3.849381895017E-06
3.849396280905E-06
3.006199731963E-06
3.006229389882E-06
2.344412664392E-06
2.344400794070E-06
1.825783545932E-06
1.825770635921E-06
1.419844768395E-06
1.419820732300E-06
1.102380176342E-06
1.102387582529E-06
8.542638008370E-07
8.543038706234E-07
6.603908054360E-07
6.603853854983E-07
5.087564035481E-07
5.087405697301E-07
3.898574175417E-07
3.898350360112E-07
2.962050096757E-07
2.961903059793E-07
2.218521424133E-07
2.218669324554E-07
1.619741785582E-07
1.619888349059E-07
1.123664232165E-07
1.123804251292E-07
6.757865786870E-08
6.760448750839E-08
1.109935822821E-03
1.109935606310E-03
1.095025723578E-03
1.095026265890E-03
1.065878201399E-03
1.065877526089E-03
1.023779400742E-03
1.023779914894E-03
9.705347755986E-04
9.705345146394E-04
9.083213293974E-04
9.083213784627E-04
8.395367181548E-04
8.395368958755E-04
7.666299543731E-04
7.666298840479E-04
6.919555382222E-04
6.919553103092E-04
6.176445654596E-04
6.176448250502E-04
5.455171473651E-04
5.455169065270E-04
4.770249180496E-04
4.770251380750E-04
4.132360681652E-04
4.132360570927E-04
3.548466301093E-04
3.548466126106E-04
3.022209843483E-04
3.022208588479E-04
2.554444382755E-04
2.554444915772E-04
2.143842489904E-04
2.143842287853E-04
1.787468102747E-04
1.787469068236E-04
1.481306496296E-04
1.481306003852E-04
1.220706267900E-04
1.220706203962E-04
1.000742699801E-04
1.000742699106E-04
8.164907850580E-05
8.164905924180E-05
6.632201327248E-05
6.632206219830E-05
5.365248984195E-05
5.365249635577E-05
4.323982501594E-05
4.323978680352E-05
3.472682664172E-05
3.472682903875E-05
2.780028005669E-05
2.780030945009E-05
2.218925160184E-05
2.218921618068E-05
1.766210430343E-05
1.766207920795E-05
1.402286649386E-05
1.402289076891E-05
1.110726633832E-05
1.110728596181E-05
8.778670019029E-06
8.778689526528E-06
6.924206819122E-06
6.924222401036E-06
5.451193730605E-06
5.451173551577E-06
4.283945384801E-06
4.283889150025E-06
3.361009534855E-06
3.360998659614E-06
2.632744850714E-06
2.632777316813E-06
2.059153147729E-06
2.059162856246E-06
1.608094730526E-06
1.608113141902E-06
1.253887330055E-06
1.253911051595E-06
9.760575112899E-07
9.760491475079E-07
7.582702502016E-07
7.582305471732E-07
5.875331378793E-07
5.874944022877E-07
4.535667147648E-07
4.535831772300E-07
3.482429476628E-07
3.482748480594E-07
2.650869694268E-07
2.650955368097E-07
1.988967276218E-07
1.988878835293E-07
1.454310222521E-07
1.454130547524E-07
1.009944006346E-07
1.009992848449E-07
6.076876627347E-08
6.082896770735E-08
8.296153048238E-04
8.296152122286E-04
8.190032497340E-04
8.190034899661E-04
7.982333232297E-04
7.982328660828E-04
7.681776990196E-04
7.681783455256E-04
7.300633631755E-04
7.300626234503E-04
6.853778141798E-04
6.853785251584E-04
6.357709126726E-04
6.357705005252E-04
5.829418997695E-04
5.829420096401E-04
5.285421952029E-04
5.285422834757E-04
4.740887914548E-04
4.740886272744E-04
4.208981709003E-04
4.208982050443E-04
3.700469430428E-04
3.700470259293E-04
3.223531859213E-04
3.223531271358E-04
2.783801487165E-04
2.783800513866E-04
2.384564549588E-04
2.384566292289E-04
2.027090597220E-04
2.027090318059E-04
1.711001212714E-04
1.711000926670E-04
1.434668448896E-04
1.434667943627E-04
1.195576578685E-04
1.195576279864E-04
9.906442222923E-05
9.906450262494E-05
8.164905923444E-05
8.164907847141E-05
6.696453329970E-05
6.696453335708E-05
5.467068097935E-05
5.467063857535E-05
4.444518868560E-05
4.444515074090E-05
3.599070048830E-05
3.599074724753E-05
2.903866368243E-05
2.903868697419E-05
2.335065761236E-05
2.335067692748E-05
1.871819055747E-05
1.871815632402E-05
1.496125865175E-05
1.496122688361E-05
1.192620840680E-05
1.192625335763E-05
9.483116111938E-06
9.483103227405E-06
7.522965506208E-06
7.522939573185E-06
5.955029471449E-06
5.955062319009E-06
4.704342401196E-06
4.704367044588E-06
3.709301179233E-06
3.709306390519E-06
2.919524236963E-06
2.919496675542E-06
2.293990286592E-06
2.293963176592E-06
1.799498123348E-06
1.799506971367E-06
1.409304594175E-06
1.409315445962E-06
1.101891131838E-06
1.101895611571E-06
8.599754370482E-07
8.599605049072E-07
6.697290721269E-07
6.697119733717E-07
5.201365213830E-07
5.201549942023E-07
4.024446226542E-07
4.024745354141E-07
3.096639413324E-07
3.096638529361E-07
2.361799993185E-07
2.361512500712E-07
1.774858901272E-07
1.774764325179E-07
1.299446851746E-07
1.299438635581E-07
9.035589953802E-08
9.035530175870E-08
5.442814283539E-08
5.445023055406E-08
6.207000471391E-04
6.207003083077E-04
6.131233004497E-04
6.131224992816E-04
5.982769084014E-04
5.982781303906E-04
5.767579952428E-04
5.767567228396E-04
5.494006955525E-04
5.494017902155E-04
5.172301582644E-04
5.172293588251E-04
4.813822254103E-04
4.813825272133E-04
4.430416908438E-04
4.430416845248E-04
4.033688913194E-04
4.033690121970E-04
3.634431397726E-04
3.634429274882E-04
3.242160293283E-04
3.242162040113E-04
2.864817231376E-04
2.864816255443E-04
2.508602384935E-04
2.508601331191E-04
2.177969883259E-04
2.177970891522E-04
1.875731515644E-04
1.875732038750E-04
1.603238420248E-04
1.603238039440E-04
1.360625792746E-04
1.360625985242E-04
1.147070347556E-04
1.147070164068E-04
9.610406119620E-05
9.610408366506E-05
8.005236183682E-05
8.005235690241E-05
6.632206216371E-05
6.632201331461E-05
5.467063859743E-05
5.467068100143E-05
4.485533832668E-05
4.485533828041E-05
3.664203786689E-05
3.664202578028E-05
2.981142642930E-05
2.981143002623E-05
2.416275644839E-05
2.416272224452E-05
1.951571714253E-05
1.951572721527E-05
1.571099475591E-05
1.571104662266E-05
1.260966803855E-05
1.260966185963E-05
1.009194549050E-05
1.009193476750E-05
8.055636510821E-06
8.055595294940E-06
6.414368939371E-06
6.414354516848E-06
5.095758201371E-06
5.095805750603E-06
4.039538771346E-06
4.039540885814E-06
3.195788799893E-06
3.195794406088E-06
2.523447979095E-06
2.523450989620E-06
1.988938425319E-06
1.988936273941E-06
1.564907357590E-06
1.564912512447E-06
1.229146061117E-06
1.229102083984E-06
9.636800705526E-07
9.636549152327E-07
7.540599710025E-07
7.540838918243E-07
5.887096532125E-07
5.887522180026E-07
4.583369718903E-07
4.583753059892E-07
3.554670325261E-07
3.554530095837E-07
2.740928605139E-07
2.740645116964E-07
2.094331090763E-07
2.094218327329E-07
1.576560669047E-07
1.576600615301E-07
1.156046707513E-07
1.155927649723E-07
8.046727270308E-08
8.046998242605E-08
4.850304803096E-08
4.851548707321E-08
4.648125253908E-04
4.648123220965E-04
4.593862726555E-04
4.593870030798E-04
4.487458970008E-04
4.487448357818E-04
4.332956033167E-04
4.332965070738E-04
4.136129271918E-04
4.136122908759E-04
3.903999280966E-04
3.904003442032E-04
3.644471320606E-04
3.644468986883E-04
3.365795874577E-04
3.365798409704E-04
3.076154725626E-04
3.076150668611E-04
2.783224709606E-04
2.783227731243E-04
2.493886610893E-04
2.493885918286E-04
2.213968851552E-04
2.213968804658E-04
1.948138873283E-04
1.948139148914E-04
1.699864222099E-04
1.699864480533E-04
1.471460658853E-04
1.471459353982E-04
1.264200653279E-04
1.264201127067E-04
1.078465784067E-04
1.078466631733E-04
9.139126824726E-05
9.139123879185E-05
7.696421400639E-05
7.696424189409E-05
6.443616990773E-05
6.443609392589E-05
5.365249636778E-05
5.365248989193E-05
4.444515072756E-05
4.444518866354E-05
3.664202576135E-05
3.664203787298E-05
3.007409525851E-05
3.007409525152E-05
2.458061194071E-05
2.458060795594E-05
2.001246950051E-05
2.001247320214E-05
1.623416068046E-05
1.623412098005E-05
1.312457193191E-05
1.312457184074E-05
1.057704144295E-05
1.057702563534E-05
8.498795756876E-06
8.498804628116E-06
6.810043728586E-06
6.810099384121E-06
5.442797642306E-06
5.442817734941E-06
4.339555243011E-06
4.339525487302E-06
3.452072498078E-06
3.452015472520E-06
2.740192712177E-06
2.740198061869E-06
2.170713749844E-06
2.170734397717E-06
1.716282424364E-06
1.716288759469E-06
1.354457483620E-06
1.354477064819E-06
1.066934077823E-06
1.066930181013E-06
8.388471073496E-07
8.388499570378E-07
6.581758301177E-07
6.581796547997E-07
5.152030349783E-07
5.151929825646E-07
4.020853885568E-07
4.020823606225E-07
3.125301883519E-07
3.125192442642E-07
2.414847108593E-07
2.414830348150E-07
1.848750126030E-07
1.848927768530E-07
1.394071969218E-07
1.394298602373E-07
1.023801303395E-07
1.023786009821E-07
7.137031544158E-08
7.134669065868E-08
4.306908798046E-08
4.303865271567E-08
3.483641583833E-04
3.483641790547E-04
3.444683220078E-04
3.444682000462E-04
3.368209663327E-04
3.368210378694E-04
3.257020951865E-04
3.257021807029E-04
3.115074753945E-04
3.115074060287E-04
2.947245669198E-04
2.947245105037E-04
2.759016801143E-04
2.759019193500E-04
2.556176212440E-04
2.556172012220E-04
2.344483076222E-04
2.344486642688E-04
2.129424362351E-04
2.129423694100E-04
1.915952956194E-04
1.915952148044E-04
1.708344493259E-04
1.708343816917E-04
1.510088183873E-04
1.510089868985E-04
1.323854267841E-04
1.323853961471E-04
1.151504264277E-04
1.151504209163E-04
9.941594266706E-05
9.941599437128E-05
8.522902030710E-05
8.522892661473E-05
7.258242759409E-05
7.258238801556E-05
6.142643728335E-05
6.142648529595E-05
5.167982051618E-05
5.167983599647E-05
4.323978681749E-05
4.323982501858E-05
3.599074726698E-05
3.599070045428E-05
2.981143001017E-05
2.981142646459E-05
2.458060792118E-05
2.458061191372E-05
2.018116550518E-05
2.018116554688E-05
1.650296741039E-05
1.650299290727E-05
1.344470514495E-05
1.344465904818E-05
1.091482293349E-05
1.091482814642E-05
8.831931499507E-06
8.831953275015E-06
7.124587702105E-06
7.124572052079E-06
5.730766013474E-06
5.730793999136E-06
4.597197709895E-06
4.597212754079E-06
3.678517685603E-06
3.678487005833E-06
2.936407163066E-06
2.936391941156E-06
2.338744809223E-06
2.338751287437E-06
1.858757030179E-06
1.858741628044E-06
1.474255763301E-06
1.474243909524E-06
1.166973352162E-06
1.166999908545E-06
9.219398338483E-07
9.219751086393E-07
7.269129568547E-07
7.269205834469E-07
5.719100977578E-07
5.718904312248E-07
4.488359232856E-07
4.488214430746E-07
3.511527501681E-07
3.511441796991E-07
2.735771631988E-07
2.735709137827E-07
2.118423901020E-07
2.118507856329E-07
1.625054505258E-07
1.625230765405E-07
1.227666462177E-07
1.227628001964E-07
9.029312019030E-08
9.028428947251E-08
6.299883732965E-08
6.299129450744E-08
3.803304493166E-08
3.803572167901E-08
2.612890764268E-04
2.612892634424E-04
2.584850443611E-04
2.584844488649E-04
2.529757358156E-04
2.529765275323E-04
2.449556259583E-04
2.449549265024E-04
2.346970743452E-04
2.346974892537E-04
2.225396391225E-04
2.225396073279E-04
2.088655959221E-04
2.088654586291E-04
1.940804920992E-04
1.940805441017E-04
1.785925150165E-04
1.785925597875E-04
1.627922055685E-04
1.627921973805E-04
1.470373244543E-04
1.470372578831E-04
1.316403984800E-04
1.316405331405E-04
1.168614930869E-04
1.168614239253E-04
1.029037897314E-04
1.029037420940E-04
8.991471212497E-05
8.991474275411E-05
7.798890243085E-05
7.798890643969E-05
6.717380678147E-05
6.717376499107E-05
5.747674108412E-05
5.747682349360E-05
4.887273907135E-05
4.887270609010E-05
4.131192159897E-05
4.131191930006E-05
3.472682900255E-05
3.472682659891E-05
2.903868697099E-05
2.903866367984E-05
2.416272227714E-05
2.416275647562E-05
2.001247325209E-05
2.001246948098E-05
1.650299293287E-05
1.650296740422E-05
1.355333225942E-05
1.355333227383E-05
1.108816925591E-05
1.108818292343E-05
9.038720202873E-06
9.038754842380E-06
7.343182860112E-06
7.343215115856E-06
5.946782436315E-06
5.946733800647E-06
4.801547103691E-06
4.801516139057E-06
3.865971292705E-06
3.865967791829E-06
3.104466968912E-06
3.104443446034E-06
2.486749526136E-06
2.486784492932E-06
1.987267865979E-06
1.987309804819E-06
1.584578108800E-06
1.584578527703E-06
1.260790007774E-06
1.260765186605E-06
1.001076844912E-06
1.001049948717E-06
7.932142248107E-07
7.932226971978E-07
6.271816546080E-07
6.271807671849E-07
4.947782593511E-07
4.947635418547E-07
3.893087018677E-07
3.893191149851E-07
3.053336856662E-07
3.053459311090E-07
2.384400818016E-07
2.384542550375E-07
1.850523805561E-07
1.850625280423E-07
1.422550803964E-07
1.422463524000E-07
1.076596574868E-07
1.076354894268E-07
7.928883543508E-08
7.928863796412E-08
5.537540740194E-08
5.538464167008E-08
3.345181833865E-08
3.347058347308E-08
1.961177603722E-04
1.961175634341E-04
1.940943841195E-04
1.940949808091E-04
1.901175231130E-04
1.901168174321E-04
1.843192564406E-04
1.843197440958E-04
1.768913703934E-04
1.768910367621E-04
1.680685043696E-04
1.680687334729E-04
1.581191476592E-04
1.581189542711E-04
1.473282486361E-04
1.473285078449E-04
1.359851388161E-04
1.359849602959E-04
1.243684232579E-04
1.243684191764E-04
1.127363025514E-04
1.127364244307E-04
1.013172585965E-04
1.013172185634E-04
9.030383032831E-05
9.030376791917E-05
7.985015230288E-05
7.985016692001E-05
7.007126351102E-05
7.007131577104E-05
6.104482561194E-05
6.104471520169E-05
5.281432402517E-05
5.281438163292E-05
4.539399154300E-05
4.539405389218E-05
3.877356033950E-05
3.877350724673E-05
3.292352370069E-05
3.292354618913E-05
2.780030947715E-05
2.780028002150E-05
2.335067689820E-05
2.335065762106E-05
1.951572717639E-05
1.951571714762E-05
1.623412096326E-05
1.623416071522E-05
1.344465906998E-05
1.344470509085E-05
1.108818294427E-05
1.108816929577E-05
9.108894688930E-06
9.108894683586E-06
7.455300604735E-06
7.455257519090E-06
6.080672226778E-06
6.080661618413E-06
4.943270148822E-06
4.943275395077E-06
4.006248497926E-06
4.006263279888E-06
3.237427781323E-06
3.237455928682E-06
2.608994617250E-06
2.608988910594E-06
2.097109598853E-06
2.097123259706E-06
1.681526398335E-06
1.681525775550E-06
1.345152211014E-06
1.345140812036E-06
1.073653989932E-06
1.073639768768E-06
8.550884812977E-07
8.550722039018E-07
6.795476518787E-07
6.795640303126E-07
5.388538776219E-07
5.388461539999E-07
4.262683885451E-07
4.262490020371E-07
3.362782982855E-07
3.362918124195E-07
2.643997274648E-07
2.644126027238E-07
2.069670703448E-07
2.069743634522E-07
1.609834020802E-07
1.609891163947E-07
1.239999425801E-07
1.239899625459E-07
9.400771972833E-08
9.399898695386E-08
6.934200673232E-08
6.934759931275E-08
4.849292775388E-08
4.849629025990E-08
2.932530053169E-08
2.931356483784E-08
1.472984178501E-04
1.472983582243E-04
1.458356781536E-04
1.458358105341E-04
1.429581883452E-04
1.429580802265E-04
1.387587421424E-04
1.387588213535E-04
1.333699741373E-04
1.333700622289E-04
1.269567572064E-04
1.269563728781E-04
1.197063761652E-04
1.197067764387E-04
1.118210500272E-04
1.118208273679E-04
1.035049564189E-04
1.035050498060E-04
9.495805768999E-05
9.495802936849E-05
8.636634864684E-05
8.636640700856E-05
7.789647318559E-05
7.789637416636E-05
6.969089858291E-05
6.969091041182E-05
6.186584968365E-05
6.186595393276E-05
5.451024941284E-05
5.451021750968E-05
4.768640210557E-05
4.768635871291E-05
4.143229248676E-05
4.143235017292E-05
3.576436435542E-05
3.576430448213E-05
3.068071776868E-05
3.068068834306E-05
2.616487304395E-05
2.616490912416E-05
2.218921620499E-05
2.218925161458E-05
1.871815637585E-05
1.871819053906E-05
1.571104664524E-05
1.571099474647E-05
1.312457179743E-05
1.312457198583E-05
1.091482808579E-05
1.091482287743E-05
9.038754801640E-06
9.038720248619E-06
7.455257540064E-06
7.455300610972E-06
6.126021122970E-06
6.126021057944E-06
5.015888982985E-06
5.015871494229E-06
4.093141045088E-06
4.093155594636E-06
3.329559278228E-06
3.329559787374E-06
2.700314554062E-06
2.700324483909E-06
2.183801857034E-06
2.183823865003E-06
1.761375013056E-06
1.761377155359E-06
1.417055528335E-06
1.417025991489E-06
1.137268588394E-06
1.137251351089E-06
9.105812841528E-07
9.105670197976E-07
7.274129156739E-07
7.274097237878E-07
5.797756228151E-07
5.798101762239E-07
4.610450723229E-07
4.610719284983E-07
3.657359720444E-07
3.657425341763E-07
2.893217325364E-07
2.893039389287E-07
2.280788511196E-07
2.280374842546E-07
1.789557909807E-07
1.789236705199E-07
1.394721718182E-07
1.394810083316E-07
1.076158072156E-07
1.076492798921E-07
8.172524931057E-08
8.176477167365E-08
6.039411123845E-08
6.041018736466E-08
4.231134827187E-08
4.229508815816E-08
2.561920778093E-08
2.556750122483E-08
1.106993111931E-04
1.106995335344E-04
1.096399528211E-04
1.096393917881E-04
1.075537540674E-04
1.075543548165E-04
1.045067504774E-04
1.045063631950E-04
1.005905430975E-04
1.005906715629E-04
9.592112461804E-05
9.592119380130E-05
9.063069599029E-05
9.063060650603E-05
8.486126920958E-05
8.486133602905E-05
7.875876942892E-05
7.875865692742E-05
7.246579233863E-05
7.246587611348E-05
6.611694643524E-05
6.611683382738E-05
5.983342503600E-05
5.983351615430E-05
5.372075093181E-05
5.372075881582E-05
4.786591769982E-05
4.786591997920E-05
4.233703836274E-05
4.233696641166E-05
3.718353486643E-05
3.718363801963E-05
3.243745860865E-05
3.243748638875E-05
2.811495718891E-05
2.811488900135E-05
2.421862048784E-05
2.421863091806E-05
2.074004880496E-05
2.073999739921E-05
1.766207915154E-05
1.766210434139E-05
1.496122684719E-05
1.496125863689E-05
1.260966185664E-05
1.260966805043E-05
1.057702567950E-05
1.057704144515E-05
8.831953333468E-06
8.831931476854E-06
7.343215134523E-06
7.343182866655E-06
6.080661586828E-06
6.080672241212E-06
5.015871447358E-06
5.015888942915E-06
4.122534652876E-06
4.122534694204E-06
3.376683847762E-06
3.376725521954E-06
2.756816203016E-06
2.756806871565E-06
2.243830137285E-06
2.243768035720E-06
1.820961682813E-06
1.820945530356E-06
1.473683588817E-06
1.473676377045E-06
1.189487576734E-06
1.189505789195E-06
9.576933385644E-07
9.577466399923E-07
7.692289739043E-07
7.692443182348E-07
6.164078131942E-07
6.163847003766E-07
4.927794084774E-07
4.927441627997E-07
3.929782561934E-07
3.929669888712E-07
3.125676016321E-07
3.125922138465E-07
2.478851814540E-07
2.479028686929E-07
1.958966487416E-07
1.959078198580E-07
1.540925645060E-07
1.540833473944E-07
1.203993718253E-07
1.203710341445E-07
9.311095358552E-08
9.309011117774E-08
7.082837711132E-08
7.082869075556E-08
5.238641391859E-08
5.241915228172E-08
3.671192375781E-08
3.674956373548E-08
2.223730324986E-08
2.223231204049E-08
8.324163778548E-05
8.324156541953E-05
8.247253656777E-05
8.247269798400E-05
8.095795686214E-05
8.095773212973E-05
7.874274243649E-05
7.874300320410E-05
7.589242762182E-05
7.589215393854E-05
7.248756480305E-05
7.248787676572E-05
6.862200476665E-05
6.862170539747E-05
6.439589606897E-05
6.439607470909E-05
5.991346609399E-05
5.991348918594E-05
5.527690546070E-05
5.527679818364E-05
5.058308677998E-05
5.058311293519E-05
4.592070437016E-05
4.592069068158E-05
4.136728078217E-05
4.136732566849E-05
3.698799858055E-05
3.698791949626E-05
3.283467572722E-05
3.283470623572E-05
2.894614538339E-05
2.894621661907E-05
2.534858780374E-05
2.534851305609E-05
2.205667706276E-05
2.205671281817E-05
1.907525988930E-05
1.907532890675E-05
1.640077646684E-05
1.640074412802E-05
1.402289077968E-05
1.402286649302E-05
1.192625334202E-05
1.192620842393E-05
1.009193473206E-05
1.009194549764E-05
8.498804604514E-06
8.498795722002E-06
7.124572045238E-06
7.124587749073E-06
5.946733822936E-06
5.946782407416E-06
4.943275411709E-06
4.943270146195E-06
4.093155585523E-06
4.093141045174E-06
3.376725487206E-06
3.376683863643E-06
2.775929392517E-06
2.775929428118E-06
2.274451963419E-06
2.274461387797E-06
1.857708339781E-06
1.857698939404E-06
1.512793289111E-06
1.512824537753E-06
1.228428648858E-06
1.228428016957E-06
9.948145828127E-07
9.948018740397E-07
8.035291502007E-07
8.035377869177E-07
6.473970589996E-07
6.474120017841E-07
5.203303755515E-07
5.203462546604E-07
4.171936030311E-07
4.171743684835E-07
3.336659120893E-07
3.336547321144E-07
2.661431761658E-07
2.661421477162E-07
2.116335031265E-07
2.116097456320E-07
1.676552943703E-07
1.676649671190E-07
1.321696031952E-07
1.321961925845E-07
1.034884550234E-07
1.034943428544E-07
8.020262262244E-08
8.019963510406E-08
6.114062609595E-08
6.111670814906E-08
4.530804500526E-08
4.530468203425E-08
3.179615092774E-08
3.180111287415E-08
1.927226750640E-08
1.926257805007E-08
6.262790267746E-05
6.262775164236E-05
6.206868275387E-05
6.206902667432E-05
6.096706126662E-05
6.096672160860E-05
5.935420951920E-05
5.935432702025E-05
5.727620088524E-05
5.727635108288E-05
5.479032136094E-05
5.479000943218E-05
5.196191701697E-05
5.196219648507E-05
4.886320031749E-05
4.886300084290E-05
4.556764894549E-05
4.556780626137E-05
4.214901001098E-05
4.214895086446E-05
3.867718262480E-05
3.867724488480E-05
3.521681091596E-05
3.521678699473E-05
3.182492415298E-05
3.182489695410E-05
2.855006770729E-05
2.855003920299E-05
2.543166369563E-05
2.543171113786E-05
2.249979019902E-05
2.249976484220E-05
1.977550789018E-05
1.977544630091E-05
1.727161636311E-05
1.727168520701E-05
1.499368086415E-05
1.499368379048E-05
1.294086337873E-05
1.294087445693E-05
1.110728600010E-05
1.110726630581E-05
9.483103280484E-06
9.483116162767E-06
8.055595354132E-06
8.055636485927E-06
6.810099398897E-06
6.810043685277E-06
5.730793946603E-06
5.730766088188E-06
4.801516082495E-06
4.801547082316E-06
4.006263256719E-06
4.006248470945E-06
3.329559811707E-06
3.329559314823E-06
2.756806942557E-06
2.756816190357E-06
2.274461452545E-06
2.274451958777E-06
1.870157974137E-06
1.870157956558E-06
1.532777951417E-06
1.532788746652E-06
1.252426544958E-06
1.252451309605E-06
1.020384608453E-06
1.020391483129E-06
8.290299507164E-07
8.290139886557E-07
6.717590179488E-07
6.717303550624E-07
5.429048148412E-07
5.429069345416E-07
4.376511860952E-07
4.376727607627E-07
3.519200479268E-07
3.519087823006E-07
2.822590104208E-07
2.822623239938E-07
2.257684722477E-07
2.257618799649E-07
1.800133465426E-07
1.799715378396E-07
1.429623569641E-07
1.429618858629E-07
1.129539648120E-07
1.129926377637E-07
8.861943814062E-08
8.865636137598E-08
6.881208704659E-08
6.883822925639E-08
5.256444978789E-08
5.254899488824E-08
3.903644582027E-08
3.901073721049E-08
2.744882004762E-08
2.741507122067E-08
1.665504926005E-08
1.662617301368E-08
4.714234712180E-05
4.714244668612E-05
4.673534955853E-05
4.673509389148E-05
4.593244383425E-05
4.593274774453E-05
4.475662671264E-05
4.475636404815E-05
4.323950634430E-05
4.323968045280E-05
4.142189053622E-05
4.142180708309E-05
3.935024509614E-05
3.935030824501E-05
3.707556714068E-05
3.707553174463E-05
3.465068378890E-05
3.465055112318E-05
3.212815108663E-05
3.212835290438E-05
2.955901455072E-05
2.955890445592E-05
2.698995517967E-05
2.699001700072E-05
2.446314269486E-05
2.446312809854E-05
2.201465134735E-05
2.201468451049E-05
1.967425788079E-05
1.967427411427E-05
1.746510030029E-05
1.746499314299E-05
1.540388534873E-05
1.540391456905E-05
1.350150244759E-05
1.350148800927E-05
1.176332272437E-05
1.176330958199E-05
1.019007985267E-05
1.019013014362E-05
8.778689510999E-06
8.778670012054E-06
7.522939516922E-06
7.522965552917E-06
6.414354477046E-06
6.414368917165E-06
5.442817731382E-06
5.442797628967E-06
4.597212785507E-06
4.597197735409E-06
3.865967838987E-06
3.865971288265E-06
3.237455963920E-06
3.237427728845E-06
2.700324473214E-06
2.700314608370E-06
2.243768002058E-06
2.243830136476E-06
1.857698910526E-06
1.857708306957E-06
1.532788725012E-06
1.532777989220E-06
1.260570461154E-06
1.260570451365E-06
1.033462444025E-06
1.033433799984E-06
8.447339863774E-07
8.447308429840E-07
6.884974847316E-07
6.885081765923E-07
5.596257260730E-07
5.596174553239E-07
4.536749600292E-07
4.536918292071E-07
3.668372717182E-07
3.668371751599E-07
2.958516272027E-07
2.958094821817E-07
2.379480315788E-07
2.379405070838E-07
1.908138475289E-07
1.908307562159E-07
1.525151622911E-07
1.525357287249E-07
1.214324924239E-07
1.214627593544E-07
9.620721190869E-08
9.621919094568E-08
7.568826778388E-08
7.566530551105E-08
5.890510340938E-08
5.886511172286E-08
4.505332735872E-08
4.502803090151E-08
3.346457685229E-08
3.347647597364E-08
2.352039367687E-08
2.355734203064E-08
1.427455363170E-08
1.430294861147E-08
3.550242511667E-05
3.550249895871E-05
3.520558347469E-05
3.520542134922E-05
3.461978267960E-05
3.461992878170E-05
3.376109829217E-05
3.376114213168E-05
3.265222449754E-05
3.265194004794E-05
3.132138056169E-05
3.132176689544E-05
2.980241383203E-05
2.980211123355E-05
2.813089577771E-05
2.813100706168E-05
2.634504367499E-05
2.634502716883E-05
2.448267969213E-05
2.448269107377E-05
2.258045939259E-05
2.258047036528E-05
2.067264887120E-05
2.067260395829E-05
1.879006124557E-05
1.879009062945E-05
1.695963507453E-05
1.695964056612E-05
1.520367527343E-05
1.520366185217E-05
1.353994712180E-05
1.353993429676E-05
1.198164278114E-05
1.198170199599E-05
1.053767927759E-05
1.053761482515E-05
9.212917778509E-06
9.212937078315E-06
8.008901483142E-06
8.008941002318E-06
6.924222360746E-06
6.924206836635E-06
5.955062315994E-06
5.955029458572E-06
5.095805766080E-06
5.095758201960E-06
4.339525504382E-06
4.339555253549E-06
3.678487023382E-06
3.678517666839E-06
3.104443451388E-06
3.104466986590E-06
2.608988906072E-06
2.608994588004E-06
2.183823835412E-06
2.183801886050E-06
1.820945494816E-06
1.820961689986E-06
1.512824517286E-06
1.512793246480E-06
1.252451296067E-06
1.252426600185E-06
1.033433811490E-06
1.033462422720E-06
8.500187762737E-07
8.500187568339E-07
6.970407035202E-07
6.970545640314E-07
5.699381529699E-07
5.699436905360E-07
4.647069682777E-07
4.646814564543E-07
3.778620048299E-07
3.778650578553E-07
3.064182173616E-07
3.064258612515E-07
2.478171255442E-07
2.478228645077E-07
1.998760868203E-07
1.998943375924E-07
1.607449240910E-07
1.607469944280E-07
1.288493543314E-07
1.288369458193E-07
1.028622753233E-07
1.028286196831E-07
8.167185412188E-08
8.164288705257E-08
6.435766463964E-08
6.435839563469E-08
5.015882186518E-08
5.017005185418E-08
3.842965895355E-08
3.845680936167E-08
2.861111052373E-08
2.862384154758E-08
2.015941166318E-08
2.016064048311E-08
1.225359863574E-08
1.225275254431E-08
2.674819380468E-05
2.674811310961E-05
2.653126547053E-05
2.653152585993E-05
2.610347677213E-05
2.610320001534E-05
2.547549070239E-05
2.547559986686E-05
2.466376931816E-05
2.466376799105E-05
2.368852380298E-05
2.368844553159E-05
2.257323557551E-05
2.257334002127E-05
2.134398080497E-05
2.134389201785E-05
2.002762664807E-05
2.002780387661E-05
1.865178600231E-05
1.865159853510E-05
1.724264497068E-05
1.724274589367E-05
1.582541882653E-05
1.582537653500E-05
1.442269721047E-05
1.442264696098E-05
1.305434741798E-05
1.305437511408E-05
1.173722195782E-05
1.173718726048E-05
1.048482223058E-05
1.048494831506E-05
9.307550217055E-06
9.307542249570E-06
8.212477787685E-06
8.212449107696E-06
7.203905731552E-06
7.203893151239E-06
6.283619087445E-06
6.283586029791E-06
5.451173583446E-06
5.451193729199E-06
4.704367080925E-06
4.704342349518E-06
4.039540888696E-06
4.039538797057E-06
3.452015450014E-06
3.452072525502E-06
2.936391905964E-06
2.936407128646E-06
2.486784447181E-06
2.486749539022E-06
2.097123237068E-06
2.097109625610E-06
1.761377178966E-06
1.761375000569E-06
1.473676425381E-06
1.473683575887E-06
1.228428052669E-06
1.228428635537E-06
1.020391479484E-06
1.020384635177E-06
8.447308072701E-07
8.447339767736E-07
6.970545222833E-07
6.970406990861E-07
5.734124140573E-07
5.734124367525E-07
4.702999043111E-07
4.703119741447E-07
3.846292355594E-07
3.846384337628E-07
3.136939748714E-07
3.136958840604E-07
2.551416988691E-07
2.551281742658E-07
2.069440351659E-07
2.069451544821E-07
1.673728940965E-07
1.673674922218E-07
1.349555857336E-07
1.349513039424E-07
1.084421136003E-07
1.084591038947E-07
8.677727028283E-08
8.676466996127E-08
6.906197717311E-08
6.904487087588E-08
5.454514727675E-08
5.455508601841E-08
4.260358260937E-08
4.261316006503E-08
3.270521901138E-08
3.272479610965E-08
2.438976582117E-08
2.438831682333E-08
1.720756121563E-08
1.719156602593E-08
1.046770954747E-08
1.046569806238E-08
2.016073651973E-05
2.016068841310E-05
2.000212346847E-05
2.000219546018E-05
1.968906032028E-05
1.968900741582E-05
1.922936339253E-05
1.922927434492E-05
1.863438715824E-05
1.863470132122E-05
1.791896513281E-05
1.791861754212E-05
1.709930200409E-05
1.709949380681E-05
1.619437367486E-05
1.619439710387E-05
1.522350255724E-05
1.522337213175E-05
1.420620889606E-05
1.420627454446E-05
1.316193398271E-05
1.316190276614E-05
1.210874043823E-05
1.210880687450E-05
1.106340293904E-05
1.106338161383E-05
1.004055651810E-05
1.004055922033E-05
9.052833667037E-06
9.052827862088E-06
8.110513357970E-06
8.110521271049E-06
7.221560075309E-06
7.221502581804E-06
6.391661518173E-06
6.391710676164E-06
5.624525245968E-06
5.624510308140E-06
4.921894837472E-06
4.921884100896E-06
4.283889175830E-06
4.283945364285E-06
3.709306387304E-06
3.709301145331E-06
3.195794372991E-06
3.195788826082E-06
2.740198033358E-06
2.740192739469E-06
2.338751287074E-06
2.338744779641E-06
1.987309821358E-06
1.987267844617E-06
1.681525779673E-06
1.681526460773E-06
1.417025992383E-06
1.417055496443E-06
1.189505777164E-06
1.189487552751E-06
9.948018597884E-07
9.948146203742E-07
8.290140018109E-07
8.290299365515E-07
6.885082028559E-07
6.884974821438E-07
5.699437140830E-07
5.699381538092E-07
4.703119761045E-07
4.702998945888E-07
3.869178960226E-07
3.869179251209E-07
3.173813580870E-07
3.174093286271E-07
2.596133660938E-07
2.596123285974E-07
2.117700928707E-07
2.117542730765E-07
1.722540343273E-07
1.722654386997E-07
1.396994726850E-07
1.396800607381E-07
1.129318607453E-07
1.129257859654E-07
9.096473448970E-08
9.100276784656E-08
7.296618996881E-08
7.297424012288E-08
5.821515047247E-08
5.820305019928E-08
4.609642469227E-08
4.608822913926E-08
3.608979951444E-08
3.607266981902E-08
2.775365083550E-08
2.774622411456E-08
2.071282314739E-08
2.070817862719E-08
1.461326024960E-08
1.461278465731E-08
8.888573632327E-09
8.917240630141E-09
1.520120461347E-05
1.520129233455E-05
1.508518394722E-05
1.508493853897E-05
1.485571445360E-05
1.485589341592E-05
1.451879594990E-05
1.451880234444E-05
1.408240360206E-05
1.408229099323E-05
1.355669755126E-05
1.355685795378E-05
1.295395532502E-05
1.295381121663E-05
1.228712062666E-05
1.228728095282E-05
1.157047301938E-05
1.157031068470E-05
1.081791053635E-05
1.081802863232E-05
1.004363398749E-05
1.004359951901E-05
9.260791560013E-06
9.260754642837E-06
8.481573144139E-06
8.481656223984E-06
7.717017620550E-06
7.716942767435E-06
6.976407339559E-06
6.976461692365E-06
6.267624864054E-06
6.267535889530E-06
5.596703187932E-06
5.596731088872E-06
4.968248544410E-06
4.968309893005E-06
4.385293991203E-06
4.385241872963E-06
3.849396199837E-06
3.849381915937E-06
3.360998610569E-06
3.361009532634E-06
2.919496678975E-06
2.919524234214E-06
2.523451035257E-06
2.523447980924E-06
2.170734455145E-06
2.170713757156E-06
1.858741672992E-06
1.858757019280E-06
1.584578541929E-06
1.584578080040E-06
1.345140794291E-06
1.345152268362E-06
1.137251336677E-06
1.137268560580E-06
9.577466344381E-07
9.576933098910E-07
8.035377821504E-07
8.035292085217E-07
6.717303612660E-07
6.717589887935E-07
5.596174568623E-07
5.596257249641E-07
4.646814494714E-07
4.647069783689E-07
3.846384337163E-07
3.846292120864E-07
3.174093198775E-07
3.173813935986E-07
2.611424117261E-07
2.611424143013E-07
2.142194268202E-07
2.142044153602E-07
1.752143726426E-07
1.752237046472E-07
1.428986341311E-07
1.429530064073E-07
1.162123678866E-07
1.162136378724E-07
9.421622946370E-08
9.419545119581E-08
7.610610837522E-08
7.610181182325E-08
6.120258788033E-08
6.117669218622E-08
4.892828706144E-08
4.890647579005E-08
3.880249377235E-08
3.880803014230E-08
3.042226448212E-08
3.044112063394E-08
2.343705262227E-08
2.344985764162E-08
1.753074227867E-08
1.752042537397E-08
1.239553370652E-08
1.237962269921E-08
7.547978629784E-09
7.565996536737E-09
1.146552374867E-05
1.146556087351E-05
1.138044086641E-05
1.138037176456E-05
1.121222371432E-05
1.121225612159E-05
1.096495370775E-05
1.096505873746E-05
1.064451195906E-05
1.064423183003E-05
1.025789566352E-05
1.025816437041E-05
9.814151690915E-06
9.814086117576E-06
9.322520231445E-06
9.322389384567E-06
8.792970371315E-06
8.793175605201E-06
8.236082313446E-06
8.235960221299E-06
7.661675137945E-06
7.661698593309E-06
7.079574133156E-06
7.079538644771E-06
6.498674825836E-06
6.498695036041E-06
5.927117217583E-06
5.927128224701E-06
5.371908149808E-06
5.371897408267E-06
4.838896139890E-06
4.838876141249E-06
4.332800376311E-06
4.332873171357E-06
3.857221548317E-06
3.857214319588E-06
3.414560377704E-06
3.414539285618E-06
3.006229437528E-06
3.006199686456E-06
2.632777334395E-06
2.632744871114E-06
2.293963158537E-06
2.293990304179E-06
1.988936238253E-06
1.988938417928E-06
1.716288725004E-06
1.716282415511E-06
1.474243896852E-06
1.474255783850E-06
1.260765201484E-06
1.260789997969E-06
1.073639800720E-06
1.073653997926E-06
9.105670504211E-07
9.105812723071E-07
7.692443278387E-07
7.692289599837E-07
6.474119760032E-07
6.473970895959E-07
5.429068955703E-07
5.429048072596E-07
4.536917937038E-07
4.536749544061E-07
3.778650428110E-07
3.778620088361E-07
3.136958981662E-07
3.136939658856E-07
2.596123667365E-07
2.596133852173E-07
2.142044595343E-07
2.142194197459E-07
1.762227738843E-07
1.762227512428E-07
1.445554821591E-07
1.445613894883E-07
1.182328705189E-07
1.182514201962E-07
9.641200843072E-08
9.639533626427E-08
7.835499802617E-08
7.833096024045E-08
6.343544837932E-08
6.343917454587E-08
5.112421372974E-08
5.112997133380E-08
4.096544482280E-08
4.096576706989E-08
3.256620146833E-08
3.256721584715E-08
2.558923795256E-08
2.560148685794E-08
1.974667769261E-08
1.975369450950E-08
1.478590596307E-08
1.477178754241E-08
1.045974478104E-08
1.045949746678E-08
6.374416806342E-09
6.391856114524E-09
8.650352171284E-06
8.650231135383E-06
8.587788762911E-06
8.587993274850E-06
8.464389366768E-06
8.464300067543E-06
8.282752162825E-06
8.282689240493E-06
8.047041468701E-06
8.047199587762E-06
7.762710972082E-06
7.762567325381E-06
7.435629202263E-06
7.435758749164E-06
7.072881714971E-06
7.072709392285E-06
6.681448347075E-06
6.681559354373E-06
6.268988650845E-06
6.268932248314E-06
5.842717609399E-06
5.842682736683E-06
5.409679107729E-06
5.409810460693E-06
4.976626681036E-06
4.976548517406E-06
4.549343031820E-06
4.549430779692E-06
4.133197077765E-06
4.133116819010E-06
3.732498900387E-06
3.732529531144E-06
3.350917970708E-06
3.350901710889E-06
2.991196047611E-06
2.991133311357E-06
2.655252563952E-06
2.655336381097E-06
2.344400815510E-06
2.344412617803E-06
2.059162865009E-06
2.059153172810E-06
1.799506976497E-06
1.799498149447E-06
1.564912516323E-06
1.564907344805E-06
1.354477054812E-06
1.354457449978E-06
1.166999875980E-06
1.166973393080E-06
1.001049917568E-06
1.001076864013E-06
8.550721821812E-07
8.550884484197E-07
7.274097041491E-07
7.274129250102E-07
6.163846972606E-07
6.164078301910E-07
5.203462846092E-07
5.203303573647E-07
4.376728075379E-07
4.376511984843E-07
3.668372192142E-07
3.668372584294E-07
3.064258891961E-07
3.064181968303E-07
2.551281609326E-07
2.551417227784E-07
2.117542308142E-07
2.117700816690E-07
1.752236568932E-07
1.752143826221E-07
1.445613562656E-07
1.445554973357E-07
1.189102627196E-07
1.189102570815E-07
9.751690755676E-08
9.751158282946E-08
7.972011655813E-08
7.971877830476E-08
6.494912948897E-08
6.494348224650E-08
5.270880432687E-08
5.271458247039E-08
4.257730865836E-08
4.259858570520E-08
3.419285019050E-08
3.420345354573E-08
2.724024519988E-08
2.723728682970E-08
2.144787459267E-08
2.145834320385E-08
1.658462566432E-08
1.658402901471E-08
1.244380473152E-08
1.241426064009E-08
8.817231841016E-09
8.809697481708E-09
5.379155803636E-09
5.377690354242E-09
6.527671220033E-06
6.527617582148E-06
6.481738234925E-06
6.481849769994E-06
6.391047699276E-06
6.391016565590E-06
6.257527292540E-06
6.257393667673E-06
6.084046975308E-06
6.084260934073E-06
5.874657929223E-06
5.874479661336E-06
5.633462679948E-06
5.633448117830E-06
5.365469239467E-06
5.365680263464E-06
5.076123171962E-06
5.075898519014E-06
4.770414200194E-06
4.770531480126E-06
4.453974769445E-06
4.453970487723E-06
4.131847904314E-06
4.131838940235E-06
3.808888589032E-06
3.808883735074E-06
3.489495447620E-06
3.489458272387E-06
3.177538103910E-06
3.177569705923E-06
2.876414024212E-06
2.876469281915E-06
2.588851525987E-06
2.588774219262E-06
2.316921532961E-06
2.316904899317E-06
2.062207408848E-06
2.062258167196E-06
1.825770611850E-06
1.825783543165E-06
1.608113120934E-06
1.608094732514E-06
1.409315438810E-06
1.409304636017E-06
1.229102094731E-06
1.229146039312E-06
1.066930196941E-06
1.066934041905E-06
9.219751063348E-07
9.219398640320E-07
7.932226788151E-07
7.932142631803E-07
6.795640186449E-07
6.795476004143E-07
5.798101638882E-07
5.797756344551E-07
4.927441587567E-07
4.927794452978E-07
4.171743811501E-07
4.171935590799E-07
3.519087843229E-07
3.519200792966E-07
2.958094864754E-07
2.958516161522E-07
2.478228585735E-07
2.478171013287E-07
2.069451387441E-07
2.069440750849E-07
1.722654321732E-07
1.722539954642E-07
1.429529962480E-07
1.428986432726E-07
1.182514086335E-07
1.182329063745E-07
9.751157462127E-08
9.751687256846E-08
8.016006711850E-08
8.016007987593E-08
6.568607083673E-08
6.572370471783E-08
5.365050197388E-08
5.367893511722E-08
4.365773899331E-08
4.365961030076E-08
3.536126627622E-08
3.537331472484E-08
2.846865568788E-08
2.846246731131E-08
2.272783297927E-08
2.270238854911E-08
1.792340840918E-08
1.792301792027E-08
1.387548814077E-08
1.387247339480E-08
1.042009177770E-08
1.040465411833E-08
7.389014085118E-09
7.394568459006E-09
4.511440558043E-09
4.510943791611E-09
4.926266256172E-06
4.926371879788E-06
4.892605476416E-06
4.892454290782E-06
4.825823309836E-06
4.825873460073E-06
4.727553984138E-06
4.727632789437E-06
4.599936649836E-06
4.599775871583E-06
4.445465824097E-06
4.445553947090E-06
4.267541529037E-06
4.267445641690E-06
4.069520913346E-06
4.069673992474E-06
3.855381648045E-06
3.855287472738E-06
3.628821340790E-06
3.628825445446E-06
3.393776556804E-06
3.393903339659E-06
3.154151695867E-06
3.153992312417E-06
2.913252734053E-06
2.913344150784E-06
2.674534583125E-06
2.674441324311E-06
2.440761483879E-06
2.440831740656E-06
2.214540354288E-06
2.214544408067E-06
1.997906248367E-06
1.997840709574E-06
1.792454349566E-06
1.792513636121E-06
1.599500472919E-06
1.599477873578E-06
1.419820738118E-06
1.419844783849E-06
1.253911053228E-06
1.253887313066E-06
1.101895593775E-06
1.101891171990E-06
9.636549016493E-07
9.636800471885E-07
8.388499580586E-07
8.388470989993E-07
7.269206008689E-07
7.269129599832E-07
6.271808028567E-07
6.271816871365E-07
5.388462019571E-07
5.388538447034E-07
4.610719500520E-07
4.610450695316E-07
3.929669698906E-07
3.929782876195E-07
3.336546902051E-07
3.336658820019E-07
2.822622664849E-07
2.822590365461E-07
2.379404715147E-07
2.379480287910E-07
1.998943407394E-07
1.998760883031E-07
1.673675331295E-07
1.673729050437E-07
1.396801310263E-07
1.396994391611E-07
1.162136983922E-07
1.162123723694E-07
9.639536845900E-08
9.641204048483E-08
7.971877727196E-08
7.972007288090E-08
6.572367103196E-08
6.568607610338E-08
5.399949721684E-08
5.399955591488E-08
4.420663990138E-08
4.421979668711E-08
3.604670517663E-08
3.603810824220E-08
2.925270434542E-08
2.927267073294E-08
2.359889868654E-08
2.360649415417E-08
1.888083134931E-08
1.886080670416E-08
1.491874345161E-08
1.491441482378E-08
1.156578713397E-08
1.155895880929E-08
8.689867840032E-09
8.694876156195E-09
6.162744923741E-09
6.181288954885E-09
3.763046411852E-09
3.772369360387E-09
3.717424257582E-06
3.717487494244E-06
3.692657322982E-06
3.692487349314E-06
3.643475669396E-06
3.643509859370E-06
3.571082005767E-06
3.571242308110E-06
3.477085005587E-06
3.476907122290E-06
3.363152194745E-06
3.363248454977E-06
3.231781387003E-06
3.231870288021E-06
3.085541915742E-06
3.085313557730E-06
2.926886086413E-06
2.927085642697E-06
2.758979852053E-06
2.758899546465E-06
2.584422302602E-06
2.584402115984E-06
2.406028002009E-06
2.406060461459E-06
2.226432142367E-06
2.226413146474E-06
2.047993830008E-06
2.048055738549E-06
1.872931948270E-06
1.872925700664E-06
1.703055438289E-06
1.703003761159E-06
1.539927647966E-06
1.539964916404E-06
1.384858839384E-06
1.384870379609E-06
1.238800174243E-06
1.238750319288E-06
1.102387564637E-06
1.102380181533E-06
9.760491461721E-07
9.760575194564E-07
8.599605149052E-07
8.599754260656E-07
7.540839105564E-07
7.540599671274E-07
6.581796658401E-07
6.581758420974E-07
5.718904319137E-07
5.719100853104E-07
4.947635213955E-07
4.947782655998E-07
4.262489716849E-07
4.262684054076E-07
3.657425241223E-07
3.657359667842E-07
3.125922298998E-07
3.125675976262E-07
2.661421828970E-07
2.661431875091E-07
2.257619231891E-07
2.257684520271E-07
1.908307789598E-07
1.908138496945E-07
1.607469897152E-07
1.607449521126E-07
1.349512714231E-07
1.349555564718E-07
1.129257366682E-07
1.129318652361E-07
9.419540549936E-08
9.421624238193E-08
7.833093578824E-08
7.835501238041E-08
6.494350087034E-08
6.494910087085E-08
5.367897331045E-08
5.365048855356E-08
4.421983827506E-08
4.420669192149E-08
3.629389716692E-08
3.629385583614E-08
2.966424803488E-08
2.964021626578E-08
2.411944759292E-08
2.412873764331E-08
1.948727210970E-08
1.950604270786E-08
1.561446084842E-08
1.561656814537E-08
1.236152091926E-08
1.236098792706E-08
9.604847290340E-09
9.594409028470E-09
7.231952732009E-09
7.238303775634E-09
5.138401017391E-09
5.142461884615E-09
3.139498749467E-09
3.138201134272E-09
2.804044214464E-06
2.803994725035E-06
2.785734470763E-06
2.785817965737E-06
2.749610419021E-06
2.749572299310E-06
2.696318254880E-06
2.696257581517E-06
2.626928126387E-06
2.627036468952E-06
2.542969942372E-06
2.542905719612E-06
2.445941246299E-06
2.446006500200E-06
2.337803680504E-06
2.337665702205E-06
2.220372334636E-06
2.220484914067E-06
2.095855788727E-06
2.095916165603E-06
1.966307442316E-06
1.966106562831E-06
1.833512758742E-06
1.833668083892E-06
1.699671507167E-06
1.699574045119E-06
1.566363144735E-06
1.566462534144E-06
1.435306859447E-06
1.435261598025E-06
1.307819055229E-06
1.307774988206E-06
1.185084249453E-06
1.185199684101E-06
1.068174442332E-06
1.068132101815E-06
9.577271963774E-07
9.577090389417E-07
8.543038946224E-07
8.542637958521E-07
7.582305553766E-07
7.582702819253E-07
6.697119799744E-07
6.697290135122E-07
5.887522012628E-07
5.887096795908E-07
5.151929526436E-07
5.152030589251E-07
4.488214186579E-07
4.488359061196E-07
3.893190947336E-07
3.893086816952E-07
3.362917960715E-07
3.362783367391E-07
2.893039440798E-07
2.893217422467E-07
2.479028851174E-07
2.478851333670E-07
2.116097540714E-07
2.116335656029E-07
1.799715544060E-07
1.800132948653E-07
1.525357337205E-07
1.525151725298E-07
1.288369348326E-07
1.288493998637E-07
1.084590939067E-07
1.084420500898E-07
9.100274506048E-08
9.096476826891E-08
7.610178886146E-08
7.610611502401E-08
6.343915803640E-08
6.343543606260E-08
5.271457021093E-08
5.270879661500E-08
4.365960644907E-08
4.365773001705E-08
3.603810850599E-08
3.604672837340E-08
2.964022469203E-08
2.966423557159E-08
2.428425159207E-08
2.428423897541E-08
1.980003728361E-08
1.979861208059E-08
1.604116161226E-08
1.604569970383E-08
1.288190791484E-08
1.287750482224E-08
1.021239228564E-08
1.019658018758E-08
7.938572102295E-09
7.932554921167E-09
5.979118240233E-09
5.997941299281E-09
4.251613024439E-09
4.258326376884E-09
2.601638175115E-09
2.593681351306E-09
2.113044622628E-06
2.112961274019E-06
2.099528856585E-06
2.099713550209E-06
2.072978633581E-06
2.072931727854E-06
2.033756717459E-06
2.033602921105E-06
1.982567738267E-06
1.982751287858E-06
1.920673082548E-06
1.920636287050E-06
1.849095008202E-06
1.848931626317E-06
1.769053953199E-06
1.769241326540E-06
1.682262264823E-06
1.682144452206E-06
1.589950844118E-06
1.590004789548E-06
1.493754239744E-06
1.493770758847E-06
1.395105845184E-06
1.395050880603E-06
1.295365194865E-06
1.295422830860E-06
1.195928521254E-06
1.195892815252E-06
1.097892992974E-06
1.097865539689E-06
1.002328484599E-06
1.002336281801E-06
9.101439088093E-07
9.101497567922E-07
8.220642432823E-07
8.220684599848E-07
7.386672091604E-07
7.386827420298E-07
6.603853812281E-07
6.603908189546E-07
5.874943984786E-07
5.875331548068E-07
5.201549998101E-07
5.201364628465E-07
4.583753012629E-07
4.583370028668E-07
4.020823666455E-07
4.020854096439E-07
3.511441995844E-07
3.511527453861E-07
3.053459533835E-07
3.053336447960E-07
2.644126070304E-07
2.643997578831E-07
2.280374710037E-07
2.280788752056E-07
1.959077940507E-07
1.958966033661E-07
1.676649245082E-07
1.676553505469E-07
1.429618501272E-07
1.429623190908E-07
1.214627390930E-07
1.214325103291E-07
1.028286281505E-07
1.028623089745E-07
8.676472097075E-08
8.677720619894E-08
7.297429873343E-08
7.296622764008E-08
6.117674450951E-08
6.120258907391E-08
5.113000906911E-08
5.112417700359E-08
4.259858039552E-08
4.257731746056E-08
3.537328194839E-08
3.536126790402E-08
2.927262547691E-08
2.925270010386E-08
2.412869359243E-08
2.411946451239E-08
1.979859118019E-08
1.980002977644E-08
1.616018414499E-08
1.616018503316E-08
1.310371852402E-08
1.313006551424E-08
1.053723379726E-08
1.056681797243E-08
8.373863812388E-09
8.367011252679E-09
6.528012010344E-09
6.525838003880E-09
4.930504421403E-09
4.940266628269E-09
3.513111067339E-09
3.505749277959E-09
2.152752901289E-09
2.129438162108E-09
1.589309519367E-06
1.589290731050E-06
1.579419244535E-06
1.579397549922E-06
1.559818839130E-06
1.559829861235E-06
1.530926202538E-06
1.530950212735E-06
1.493307959046E-06
1.493293776926E-06
1.447650421625E-06
1.447712951997E-06
1.394874046293E-06
1.394794579047E-06
1.335822317579E-06
1.335951189474E-06
1.271682472012E-06
1.271594361283E-06
1.203400761324E-06
1.203294034108E-06
1.132020383564E-06
1.132233244476E-06
1.058864915133E-06
1.058675057345E-06
9.846608424186E-07
9.847550152280E-07
9.105698746616E-07
9.105113705670E-07
8.373741056421E-07
8.374055063986E-07
7.658927215345E-07
7.659661478367E-07
6.968339427388E-07
6.967447291710E-07
6.306337111891E-07
6.306698977445E-07
5.678359013211E-07
5.678298081958E-07
5.087405387145E-07
5.087564267871E-07
4.535831680206E-07
4.535666924812E-07
4.024745414196E-07
4.024446093681E-07
3.554530223974E-07
3.554670414173E-07
3.125192531871E-07
3.125301995092E-07
2.735709189159E-07
2.735771733088E-07
2.384542606204E-07
2.384400446972E-07
2.069743557365E-07
2.069670822694E-07
1.789236619112E-07
1.789558159737E-07
1.540833463347E-07
1.540925556645E-07
1.321961899657E-07
1.321696019897E-07
1.129926411426E-07
1.129539637477E-07
9.621918898354E-08
9.620722877921E-08
8.164287289029E-08
8.167184752686E-08
6.904484741427E-08
6.906196124901E-08
5.820302153304E-08
5.821517958950E-08
4.890646171312E-08
4.892828415403E-08
4.096577775713E-08
4.096541329785E-08
3.420348549897E-08
3.419286255503E-08
2.846250767417E-08
2.846866064614E-08
2.360652744165E-08
2.359886620494E-08
1.950604558556E-08
1.948729913152E-08
1.604567009339E-08
1.604116180500E-08
1.313001900788E-08
1.310369732289E-08
1.066717950415E-08
1.066723771594E-08
8.586468939821E-09
8.609452087098E-09
6.825733099992E-09
6.821849180697E-09
5.322416697477E-09
5.332644089880E-09
4.025046147110E-09
4.041077111766E-09
2.874450403773E-09
2.865268839908E-09
1.764611643626E-09
1.740069276615E-09
1.191081796969E-06
1.191175557520E-06
1.183898397457E-06
1.183735519825E-06
1.169476297153E-06
1.169524397176E-06
1.148255319285E-06
1.148389830201E-06
1.120706434112E-06
1.120524854152E-06
1.087114660072E-06
1.087103198588E-06
1.048217247336E-06
1.048396840742E-06
1.004846756453E-06
1.004711386173E-06
9.575002007203E-07
9.575401368080E-07
9.071114094307E-07
9.070856530324E-07
8.544114810222E-07
8.544293791801E-07
8.002048636695E-07
8.002614015302E-07
7.452732873125E-07
7.451810981814E-07
6.902123218737E-07
6.902246503125E-07
6.357651563727E-07
6.358087856053E-07
5.825077497214E-07
5.825123293418E-07
5.309084662222E-07
5.308889016731E-07
4.813784687040E-07
4.813560727837E-07
4.342612988019E-07
4.342790193554E-07
3.898350603703E-07
3.898574025065E-07
3.482748743856E-07
3.482429191350E-07
3.096638592177E-07
3.096639697021E-07
2.740645099893E-07
2.740928492895E-07
2.414830228659E-07
2.414847168901E-07
2.118507735319E-07
2.118424034171E-07
1.850625255796E-07
1.850523689610E-07
1.609891239571E-07
1.609833836637E-07
1.394810146882E-07
1.394721894380E-07
1.203710401482E-07
1.203994021293E-07
1.034943616580E-07
1.034884030166E-07
8.865636429228E-08
8.861946866769E-08
7.566529693605E-08
7.568829093723E-08
6.435839289360E-08
6.435761076426E-08
5.455506896503E-08
5.454518574408E-08
4.608821341450E-08
4.609643197012E-08
3.880801903863E-08
3.880248218682E-08
3.256720126645E-08
3.256619411123E-08
2.723727607162E-08
2.724024950975E-08
2.270238842648E-08
2.272785040394E-08
1.886082539783E-08
1.888079365410E-08
1.561659893496E-08
1.561447951840E-08
1.287754101671E-08
1.288191366693E-08
1.056685007563E-08
1.053720219514E-08
8.609469083775E-09
8.586508251610E-09
6.945864915296E-09
6.945860673858E-09
5.528168591563E-09
5.513766561736E-09
4.309391922755E-09
4.313666716656E-09
3.251783152415E-09
3.273457131823E-09
2.315750359120E-09
2.319872416133E-09
1.419727015667E-09
1.416120586133E-09
8.868348447877E-07
8.868890729587E-07
8.815691651026E-07
8.815204660123E-07
8.710716483003E-07
8.710923438678E-07
8.555883208168E-07
8.556281021757E-07
8.354359532468E-07
8.353607166698E-07
8.109061962342E-07
8.108388529590E-07
7.824377065709E-07
7.825715361786E-07
7.506690484580E-07
7.505498977692E-07
7.159511563764E-07
7.159712988571E-07
6.789341996317E-07
6.790574877876E-07
6.402860777696E-07
6.401066598286E-07
6.003302987226E-07
6.005443854245E-07
5.598930138972E-07
5.597730687793E-07
5.192690685104E-07
5.192734382600E-07
4.790200219876E-07
4.790314027271E-07
4.395836313626E-07
4.395269233670E-07
4.012561884985E-07
4.013270573819E-07
3.644592176720E-07
3.643979278782E-07
3.293552277290E-07
3.293790560541E-07
2.961903145033E-07
2.962049692203E-07
2.650955286430E-07
2.650869597088E-07
2.361512365272E-07
2.361800402972E-07
2.094218320745E-07
2.094330940105E-07
1.848927847086E-07
1.848750050627E-07
1.625230834915E-07
1.625054616840E-07
1.422463581037E-07
1.422550909545E-07
1.239899724479E-07
1.239999129230E-07
1.076492774482E-07
1.076158091307E-07
9.309010216846E-08
9.311100628787E-08
8.019963691695E-08
8.020255392734E-08
6.883822450825E-08
6.881213148228E-08
5.886512040658E-08
5.890511770362E-08
5.017007312717E-08
5.015875573008E-08
4.261317266800E-08
4.260364639076E-08
3.607268350539E-08
3.608978526871E-08
3.044112477216E-08
3.042224804009E-08
2.560147822293E-08
2.558924769299E-08
2.145832332131E-08
2.144787375337E-08
1.792298833403E-08
1.792342877584E-08
1.491439190905E-08
1.491871460225E-08
1.236097374914E-08
1.236152856032E-08
1.019658629607E-08
1.021240352821E-08
8.367041296589E-09
8.373840293459E-09
6.821881285775E-09
6.825737520151E-09
5.513787679895E-09
5.528180612686E-09
4.403237447860E-09
4.403229157171E-09
3.450045309094E-09
3.441421116071E-09
2.617848624254E-09
2.611009035707E-09
1.872351343178E-09
1.852490586836E-09
1.147078058222E-09
1.139354520016E-09
6.524430289400E-07
6.523706649679E-07
6.485625331371E-07
6.486865445155E-07
6.410269917713E-07
6.409943602668E-07
6.298503640959E-07
6.297382921206E-07
6.151814492596E-07
6.153051214398E-07
5.974627021085E-07
5.974894372941E-07
5.769291406704E-07
5.768055707184E-07
5.538148177449E-07
5.539205576151E-07
5.286873832043E-07
5.286718754121E-07
5.018504613823E-07
5.018360414501E-07
4.737135670595E-07
4.736792535377E-07
4.446789412654E-07
4.446568805431E-07
4.151285984363E-07
4.152223102420E-07
3.855278139341E-07
3.854864745797E-07
3.561170842568E-07
3.560822733324E-07
3.272113924712E-07
3.272580132165E-07
2.991379865118E-07
2.991651213782E-07
2.721187371874E-07
2.721193552842E-07
2.463209607474E-07
2.462820955432E-07
2.218669253020E-07
2.218521284619E-07
1.988878740489E-07
1.988967206104E-07
1.774764182860E-07
1.774859260612E-07
1.576600504179E-07
1.576560526838E-07
1.394298529424E-07
1.394071851511E-07
1.227627880048E-07
1.227666487539E-07
1.076354746895E-07
1.076596784997E-07
9.399898109353E-08
9.400770770408E-08
8.176476417872E-08
8.172522907476E-08
7.082868442842E-08
7.082841224902E-08
6.111671052485E-08
6.114059629037E-08
5.254899267198E-08
5.256447228272E-08
4.502803580248E-08
4.505331950351E-08
3.845681509616E-08
3.842963347515E-08
3.272479922950E-08
3.270526841040E-08
2.774623535259E-08
2.775363607015E-08
2.344987154469E-08
2.343703348966E-08
1.975371049589E-08
1.974668893321E-08
1.658404610562E-08
1.658462803993E-08
1.387249125822E-08
1.387549484749E-08
1.155896186063E-08
1.156577150185E-08
9.594390309275E-09
9.604837479309E-09
7.932518234296E-09
7.938589397807E-09
6.525786044559E-09
6.528004972952E-09
5.332599835329E-09
5.322396732407E-09
4.313645328905E-09
4.309414960360E-09
3.441428710518E-09
3.450062088273E-09
2.693320931018E-09
2.693281173074E-09
2.041949286595E-09
2.037420145301E-09
1.459057474486E-09
1.455271500117E-09
8.933609263239E-10
8.993989555498E-10
4.691418940953E-07
4.690802288255E-07
4.663917146654E-07
4.665044112281E-07
4.610609928874E-07
4.610338083172E-07
4.531526473754E-07
4.530484004241E-07
4.427540586215E-07
4.428580000767E-07
4.301930095921E-07
4.302468154084E-07
4.156521561016E-07
4.154757846608E-07
3.992178742104E-07
3.993390778632E-07
3.813656705875E-07
3.813950233760E-07
3.623176748212E-07
3.621986385021E-07
3.422360743061E-07
3.423915722429E-07
3.216254303235E-07
3.214504529657E-07
3.005164425346E-07
3.006654845313E-07
2.793898226371E-07
2.793657368897E-07
2.583826036817E-07
2.583150895244E-07
2.376773841921E-07
2.377404058620E-07
2.175768573813E-07
2.175115333166E-07
1.981442147024E-07
1.982049847564E-07
1.795975474522E-07
1.795661841373E-07
1.619888431959E-07
1.619741952861E-07
1.454130707582E-07
1.454310248686E-07
1.299438738085E-07
1.299446973292E-07
1.155927754740E-07
1.156046595735E-07
1.023786128543E-07
1.023801279358E-07
9.028429634970E-08
9.029311621079E-08
7.928863687815E-08
7.928884977103E-08
6.934759395324E-08
6.934201621053E-08
6.041019113899E-08
6.039408497923E-08
5.241915152696E-08
5.238640339308E-08
4.530466972249E-08
4.530808250058E-08
3.901072979309E-08
3.903642603621E-08
3.347646607334E-08
3.346455205317E-08
2.862382672818E-08
2.861114216616E-08
2.438830460372E-08
2.438977472341E-08
2.070817088280E-08
2.071282140769E-08
1.752042513875E-08
1.753072957434E-08
1.477178727172E-08
1.478591094206E-08
1.241426706629E-08
1.244382228266E-08
1.040466458666E-08
1.042007849122E-08
8.694897786640E-09
8.689873142962E-09
7.238336846714E-09
7.231929599656E-09
5.997970446965E-09
5.979122896637E-09
4.940295655504E-09
4.930515578578E-09
4.041095860283E-09
4.025000799432E-09
3.273452451050E-09
3.251810688351E-09
2.610982777703E-09
2.617882641547E-09
2.037383910397E-09
2.041895481893E-09
1.534780549214E-09
1.534825302178E-09
1.085901118903E-09
1.111139679867E-09
6.628423665984E-10
6.847523246087E-10
3.216071170064E-07
3.216383488196E-07
3.197961990584E-07
3.197323190385E-07
3.161425436884E-07
3.161542476310E-07
3.107642053650E-07
3.108182570607E-07
3.037822269324E-07
3.037347418391E-07
2.952494375796E-07
2.952412405594E-07
2.853366774681E-07
2.853915738055E-07
2.742573851145E-07
2.741941071272E-07
2.621118907649E-07
2.621277280794E-07
2.491365329444E-07
2.491613587815E-07
2.355255426690E-07
2.355268510413E-07
2.214558882183E-07
2.214805191309E-07
2.071435903157E-07
2.070927478234E-07
1.927070420508E-07
1.927621452402E-07
1.783721819705E-07
1.783783139780E-07
1.642674924324E-07
1.641971745980E-07
1.504940771512E-07
1.504776404035E-07
1.371915838023E-07
1.372074818170E-07
1.244574154682E-07
1.244931466295E-07
1.123804063190E-07
1.123664318051E-07
1.009992660198E-07
1.009944368370E-07
9.035530423977E-08
9.035587573210E-08
8.046998844677E-08
8.046727460995E-08
7.134669493753E-08
7.137031804541E-08
6.299130299276E-08
6.299883429644E-08
5.538465667210E-08
5.537540930449E-08
4.849630058009E-08
4.849295499511E-08
4.229510221798E-08
4.231132038309E-08
3.674958176910E-08
3.671188026396E-08
3.180111710721E-08
3.179623162532E-08
2.741508496874E-08
2.744877730805E-08
2.355734253406E-08
2.352035064956E-08
2.016062365024E-08
2.015948413901E-08
1.719155017000E-08
1.720753675853E-08
1.461276279247E-08
1.461326759227E-08
1.237959744083E-08
1.239552703388E-08
1.045947235769E-08
1.045974494101E-08
8.809680612015E-09
8.817259072236E-09
7.394567829105E-09
7.388990847672E-09
6.181295949803E-09
6.162761397049E-09
5.142487759530E-09
5.138380808386E-09
4.258368918258E-09
4.251606989370E-09
3.505788806734E-09
3.513134085221E-09
2.865299297900E-09
2.874400091329E-09
2.319878266648E-09
2.315773127283E-09
1.852469806162E-09
1.872386888535E-09
1.455232595417E-09
1.459001768831E-09
1.111084917966E-09
1.085940178781E-09
7.962482385574E-10
7.962981288322E-10
4.880419172172E-10
4.845291878562E-10
1.918580903238E-07
1.919218806880E-07
1.908358548399E-07
1.906765372610E-07
1.886245499578E-07
1.886511594606E-07
1.854096191963E-07
1.855514336597E-07
1.813379914366E-07
1.812249762393E-07
1.762616529051E-07
1.762316930279E-07
1.703398431159E-07
1.705399222944E-07
1.638621435428E-07
1.637164129986E-07
1.566626116400E-07
1.566235596817E-07
1.489229574646E-07
1.490526685376E-07
1.409107359709E-07
1.407622129203E-07
1.325169520437E-07
1.326445363926E-07
1.240552838543E-07
1.238933269236E-07
1.154216048442E-07
1.155121781752E-07
1.068699314051E-07
1.069762368966E-07
9.853423910551E-08
9.841406966456E-08
9.031411600821E-08
9.035361410816E-08
8.239135695990E-08
8.237905435021E-08
7.478841349647E-08
7.485286352837E-08
6.760448090282E-08
6.757865259175E-08
6.082894878603E-08
6.076880788879E-08
5.445022044189E-08
5.442811193278E-08
4.851546744263E-08
4.850305381212E-08
4.303862730302E-08
4.306909401156E-08
3.803570005438E-08
3.803304344129E-08
3.347056237875E-08
3.345181858401E-08
2.931355272066E-08
2.932532169241E-08
2.556750270229E-08
2.561918701555E-08
2.223231661793E-08
2.223726801675E-08
1.926257320996E-08
1.927232945526E-08
1.662618383329E-08
1.665501433972E-08
1.430296813125E-08
1.427452146486E-08
1.225275836225E-08
1.225365520096E-08
1.046571901274E-08
1.046768658894E-08
8.917262186498E-09
8.888576700882E-09
7.566014629441E-09
7.547974713819E-09
6.391870395629E-09
6.374412641402E-09
5.377684328599E-09
5.379171307439E-09
4.510924555812E-09
4.511427929766E-09
3.772337273502E-09
3.763059274706E-09
3.138155501417E-09
3.139488126569E-09
2.593626729774E-09
2.601637762686E-09
2.129386326669E-09
2.152775235013E-09
1.740045894208E-09
1.764583823961E-09
1.416124020154E-09
1.419739176245E-09
1.139394319253E-09
1.147097802137E-09
8.994730508866E-10
8.933225191042E-10
6.848326851758E-10
6.628566782797E-10
4.845993996732E-10
4.880623275226E-10
2.940212604782E-10
2.939773154731E-10
